200 9950 50 122 78
0 2 36
0 4 15
0 5 43
0 6 8
0 8 63
0 9 69
0 10 80
0 13 73
0 14 36
0 17 50
0 20 91
0 21 22
0 23 55
0 25 42
0 27 46
0 28 55
0 29 24
0 30 65
0 31 75
0 35 18
0 37 36
0 38 26
0 40 58
0 41 28
0 45 58
0 46 5
0 48 62
0 54 75
0 55 52
0 56 71
0 58 92
0 63 2
0 65 26
0 66 53
0 67 95
0 68 82
0 72 65
0 73 43
0 75 21
0 78 8
0 80 72
0 82 60
0 83 49
0 85 25
0 86 72
0 87 75
0 89 16
0 94 67
0 95 85
0 96 10
0 97 13
0 100 62
0 102 23
0 103 0
0 106 74
0 107 75
0 109 65
0 111 38
0 112 11
0 114 55
0 115 21
0 116 12
0 117 4
0 119 51
0 120 22
0 124 62
0 130 39
0 132 60
0 133 40
0 139 84
0 143 92
0 146 68
0 148 82
0 149 33
0 150 51
0 152 80
0 154 74
0 157 95
0 162 64
0 167 51
0 168 27
0 169 83
0 170 32
0 174 19
0 175 64
0 177 58
0 179 88
0 180 32
0 181 29
0 185 84
0 186 57
0 187 32
0 188 74
0 190 77
0 192 38
0 194 97
0 195 90
0 196 6
0 197 11
1 3 48
1 4 67
1 5 15
1 7 17
1 9 50
1 11 68
1 13 62
1 14 80
1 15 24
1 16 80
1 17 36
1 18 4
1 25 87
1 26 99
1 27 79
1 28 66
1 33 25
1 35 20
1 39 12
1 41 12
1 42 57
1 45 59
1 48 4
1 49 65
1 50 69
1 53 59
1 54 21
1 55 89
1 58 75
1 61 3
1 63 21
1 64 17
1 67 92
1 71 97
1 72 53
1 74 97
1 75 57
1 78 98
1 81 2
1 82 1
1 84 13
1 85 52
1 86 81
1 87 39
1 88 38
1 90 51
1 91 56
1 94 88
1 98 43
1 101 22
1 103 96
1 105 53
1 109 0
1 110 90
1 111 60
1 112 78
1 114 5
1 117 17
1 118 11
1 120 74
1 122 15
1 125 47
1 127 28
1 131 52
1 132 67
1 133 92
1 135 86
1 137 30
1 138 58
1 139 16
1 141 34
1 142 70
1 146 62
1 148 32
1 150 31
1 151 45
1 152 60
1 154 27
1 155 38
1 156 89
1 157 69
1 158 37
1 160 48
1 161 34
1 163 88
1 167 32
1 169 7
1 170 17
1 171 29
1 172 36
1 174 85
1 175 25
1 176 17
1 178 77
1 179 62
1 180 54
1 182 11
1 184 27
1 186 99
1 189 70
1 191 46
1 193 84
1 194 71
1 196 26
1 197 62
1 199 99
2 3 72
2 4 86
2 5 45
2 6 2
2 8 40
2 10 45
2 16 69
2 17 8
2 20 39
2 21 48
2 23 68
2 26 5
2 27 13
2 28 53
2 30 0
2 31 28
2 33 80
2 34 48
2 35 37
2 36 70
2 37 69
2 38 80
2 40 33
2 43 26
2 47 43
2 48 4
2 49 25
2 50 12
2 51 52
2 54 30
2 55 17
2 56 87
2 59 40
2 60 5
2 62 9
2 65 52
2 66 35
2 75 89
2 77 7
2 80 17
2 83 31
2 85 15
2 90 9
2 91 73
2 92 41
2 93 91
2 94 5
2 96 99
2 97 27
2 98 19
2 99 97
2 100 72
2 102 77
2 104 67
2 105 31
2 106 54
2 107 88
2 108 98
2 109 62
2 111 13
2 112 80
2 114 21
2 115 49
2 117 5
2 121 24
2 123 58
2 127 46
2 128 99
2 129 46
2 130 57
2 131 27
2 132 32
2 133 67
2 139 58
2 140 74
2 141 82
2 142 43
2 144 69
2 146 18
2 148 57
2 149 31
2 152 97
2 153 47
2 154 99
2 155 89
2 156 83
2 157 60
2 158 8
2 159 86
2 160 69
2 163 17
2 165 2
2 168 54
2 171 14
2 172 69
2 173 14
2 176 36
2 183 20
2 185 16
2 191 35
2 192 19
2 193 1
2 195 87
2 198 99
2 199 95
3 4 24
3 5 19
3 6 36
3 10 63
3 11 31
3 15 80
3 18 45
3 21 88
3 22 39
3 24 74
3 27 79
3 32 60
3 33 78
3 35 2
3 36 90
3 37 81
3 40 73
3 41 70
3 44 99
3 48 43
3 50 88
3 52 41
3 53 29
3 54 6
3 55 75
3 57 69
3 60 61
3 61 9
3 62 70
3 63 73
3 64 70
3 67 86
3 68 39
3 70 29
3 72 62
3 74 5
3 76 45
3 78 99
3 79 45
3 80 67
3 82 75
3 83 57
3 85 96
3 86 47
3 88 61
3 89 48
3 92 37
3 96 25
3 99 81
3 100 14
3 101 31
3 108 1
3 110 62
3 112 10
3 114 42
3 117 56
3 118 8
3 119 95
3 121 2
3 122 98
3 125 1
3 126 46
3 127 33
3 128 66
3 130 59
3 131 20
3 135 21
3 142 40
3 144 79
3 149 59
3 152 21
3 154 92
3 158 64
3 160 33
3 168 29
3 169 28
3 170 44
3 171 79
3 174 77
3 175 78
3 176 46
3 179 86
3 180 89
3 183 25
3 186 94
3 188 25
3 191 39
3 192 65
3 195 11
3 197 88
3 198 12
3 199 18
4 5 21
4 6 5
4 9 39
4 11 35
4 13 44
4 14 74
4 17 52
4 18 90
4 19 36
4 20 0
4 24 63
4 28 21
4 29 88
4 30 71
4 32 30
4 33 17
4 36 13
4 37 50
4 38 35
4 39 72
4 40 76
4 41 16
4 45 24
4 48 3
4 50 96
4 51 68
4 53 10
4 54 15
4 58 28
4 60 63
4 62 52
4 63 5
4 64 56
4 65 54
4 66 24
4 68 51
4 69 52
4 71 17
4 72 65
4 75 94
4 76 37
4 78 87
4 81 36
4 82 93
4 87 70
4 88 10
4 91 70
4 95 69
4 96 74
4 97 73
4 99 5
4 101 84
4 102 60
4 104 80
4 105 10
4 106 30
4 107 68
4 108 58
4 112 78
4 114 40
4 116 8
4 117 55
4 119 14
4 120 1
4 121 56
4 122 21
4 123 5
4 125 59
4 127 25
4 130 39
4 134 33
4 136 35
4 137 51
4 139 32
4 141 95
4 143 30
4 144 77
4 154 86
4 158 81
4 160 12
4 161 29
4 162 31
4 163 22
4 164 76
4 166 76
4 168 7
4 169 9
4 173 27
4 179 8
4 180 91
4 182 18
4 183 95
4 185 25
4 186 61
4 190 23
4 191 91
4 192 47
4 194 75
4 195 72
4 197 3
4 198 12
4 199 11
5 6 50
5 7 5
5 12 28
5 13 1
5 18 33
5 23 99
5 25 97
5 26 95
5 28 55
5 29 35
5 30 64
5 33 31
5 34 26
5 36 60
5 37 23
5 38 96
5 40 46
5 41 8
5 43 26
5 44 69
5 45 5
5 46 71
5 48 69
5 56 34
5 57 38
5 58 9
5 61 38
5 62 77
5 64 5
5 65 66
5 66 96
5 67 22
5 71 95
5 74 1
5 76 95
5 77 34
5 78 10
5 79 94
5 80 82
5 83 57
5 84 9
5 87 33
5 89 0
5 93 22
5 94 59
5 98 14
5 99 33
5 100 96
5 101 3
5 102 21
5 105 34
5 106 37
5 107 12
5 109 38
5 114 54
5 115 5
5 116 27
5 117 77
5 120 0
5 121 97
5 123 51
5 126 99
5 127 47
5 129 49
5 131 99
5 132 64
5 134 11
5 136 85
5 137 70
5 138 84
5 139 21
5 140 5
5 143 89
5 144 12
5 147 27
5 148 58
5 149 64
5 150 28
5 151 44
5 152 34
5 153 85
5 154 61
5 155 48
5 158 30
5 159 49
5 163 29
5 165 13
5 167 15
5 170 83
5 171 76
5 173 13
5 176 54
5 178 56
5 179 22
5 180 16
5 183 79
5 186 87
5 187 22
5 188 79
5 192 94
5 193 16
5 195 81
5 196 97
5 197 88
6 8 19
6 11 98
6 18 78
6 19 79
6 22 72
6 25 67
6 26 41
6 31 76
6 33 37
6 35 74
6 38 25
6 40 89
6 41 70
6 44 63
6 48 48
6 49 12
6 50 42
6 53 16
6 54 79
6 55 86
6 57 88
6 59 0
6 65 57
6 66 87
6 70 28
6 74 69
6 81 29
6 85 60
6 87 18
6 88 65
6 89 14
6 90 27
6 92 83
6 94 44
6 95 15
6 97 36
6 100 45
6 101 39
6 104 37
6 107 42
6 111 0
6 112 14
6 116 41
6 120 73
6 121 78
6 122 87
6 123 78
6 124 49
6 125 5
6 126 34
6 128 54
6 129 49
6 130 50
6 132 12
6 134 57
6 137 47
6 138 73
6 142 31
6 144 10
6 145 41
6 146 44
6 150 78
6 151 13
6 152 29
6 153 10
6 154 78
6 155 6
6 157 65
6 158 82
6 162 86
6 163 60
6 164 39
6 166 30
6 168 86
6 169 25
6 171 38
6 175 24
6 176 40
6 177 4
6 178 49
6 179 91
6 180 36
6 186 89
6 187 56
6 188 35
6 189 67
6 190 18
6 191 85
6 196 56
6 197 64
6 198 77
7 9 13
7 10 62
7 11 90
7 12 71
7 17 10
7 18 58
7 19 7
7 21 91
7 24 75
7 26 23
7 29 77
7 30 41
7 32 89
7 35 43
7 36 13
7 38 5
7 41 36
7 44 49
7 45 65
7 48 87
7 50 47
7 52 6
7 56 63
7 57 59
7 58 89
7 61 23
7 63 64
7 64 81
7 65 33
7 69 32
7 70 38
7 71 8
7 74 48
7 75 13
7 76 54
7 77 44
7 78 70
7 79 89
7 81 51
7 82 92
7 84 0
7 85 95
7 88 33
7 89 19
7 90 8
7 92 9
7 94 9
7 95 1
7 97 89
7 98 95
7 99 71
7 101 52
7 102 90
7 103 78
7 105 35
7 106 67
7 108 11
7 109 86
7 110 95
7 111 91
7 112 41
7 117 30
7 118 97
7 119 70
7 121 95
7 123 68
7 124 54
7 125 5
7 126 20
7 127 70
7 129 27
7 131 45
7 132 33
7 134 87
7 137 31
7 141 98
7 144 2
7 145 76
7 148 63
7 149 60
7 150 69
7 153 34
7 156 41
7 157 25
7 159 52
7 161 97
7 162 23
7 163 40
7 164 83
7 166 38
7 168 66
7 169 32
7 171 43
7 172 43
7 174 25
7 176 51
7 179 52
7 183 10
7 186 93
7 187 58
7 188 30
7 190 97
7 192 58
7 193 84
7 196 76
7 199 19
8 10 6
8 11 64
8 15 64
8 16 13
8 18 32
8 21 1
8 23 1
8 25 89
8 27 38
8 28 7
8 29 6
8 30 23
8 33 14
8 35 37
8 36 19
8 37 47
8 38 57
8 39 96
8 43 36
8 44 95
8 46 54
8 47 62
8 48 62
8 51 53
8 54 81
8 55 9
8 57 76
8 59 17
8 60 13
8 62 44
8 63 36
8 68 68
8 71 51
8 72 25
8 74 84
8 77 72
8 80 93
8 84 23
8 86 21
8 87 93
8 88 20
8 89 81
8 92 20
8 95 63
8 97 5
8 101 9
8 104 82
8 106 19
8 107 16
8 108 85
8 110 25
8 113 98
8 116 33
8 119 66
8 121 88
8 124 83
8 129 1
8 130 31
8 131 0
8 132 75
8 134 92
8 135 7
8 136 59
8 138 79
8 139 33
8 146 84
8 148 31
8 150 85
8 151 47
8 152 82
8 156 96
8 161 54
8 162 31
8 163 94
8 164 73
8 167 23
8 177 81
8 178 71
8 181 59
8 184 27
8 185 42
8 186 98
8 187 0
8 193 77
8 198 9
9 10 9
9 12 61
9 17 63
9 19 3
9 21 85
9 22 58
9 24 74
9 27 16
9 31 70
9 32 12
9 33 35
9 37 16
9 39 5
9 40 76
9 43 49
9 45 31
9 47 11
9 48 76
9 51 34
9 53 5
9 55 52
9 56 71
9 57 34
9 59 52
9 60 5
9 62 58
9 63 67
9 64 17
9 67 19
9 68 74
9 70 72
9 72 47
9 73 90
9 74 90
9 76 93
9 77 37
9 80 34
9 84 92
9 85 24
9 86 55
9 87 21
9 88 13
9 94 79
9 95 69
9 98 3
9 99 19
9 100 61
9 101 10
9 103 11
9 104 73
9 105 29
9 106 2
9 108 17
9 110 85
9 112 21
9 114 63
9 117 9
9 121 77
9 123 45
9 124 86
9 127 11
9 129 95
9 131 96
9 132 3
9 133 87
9 134 23
9 137 89
9 138 8
9 139 78
9 140 5
9 141 70
9 144 54
9 147 71
9 148 50
9 150 78
9 153 13
9 155 8
9 156 78
9 158 60
9 159 79
9 160 25
9 161 20
9 162 29
9 163 36
9 167 39
9 169 74
9 170 57
9 171 49
9 172 25
9 177 33
9 178 52
9 179 30
9 181 9
9 182 23
9 183 98
9 185 75
9 186 82
9 190 25
9 191 75
9 193 68
9 195 1
9 199 25
10 23 14
10 24 76
10 26 40
10 27 39
10 28 81
10 29 81
10 30 48
10 33 4
10 35 78
10 36 8
10 37 42
10 38 0
10 41 86
10 45 90
10 46 49
10 49 62
10 51 71
10 54 27
10 56 15
10 57 2
10 61 70
10 63 76
10 65 36
10 70 40
10 73 38
10 74 96
10 75 53
10 76 56
10 77 84
10 81 79
10 82 11
10 86 69
10 87 46
10 89 15
10 91 69
10 92 4
10 94 15
10 97 10
10 98 67
10 99 7
10 101 55
10 102 39
10 103 42
10 105 16
10 107 1
10 108 45
10 109 89
10 113 84
10 116 90
10 117 74
10 119 30
10 121 18
10 122 59
10 124 49
10 126 30
10 129 30
10 130 55
10 131 72
10 132 85
10 133 25
10 134 58
10 135 30
10 136 34
10 137 21
10 138 52
10 141 91
10 142 86
10 144 13
10 145 74
10 146 54
10 148 97
10 149 55
10 152 41
10 153 16
10 155 89
10 158 70
10 159 39
10 162 74
10 163 99
10 164 41
10 167 93
10 168 37
10 169 72
10 174 39
10 175 31
10 176 76
10 178 16
10 179 72
10 182 77
10 183 37
10 185 91
10 186 94
10 193 30
10 194 97
10 196 58
10 197 30
10 198 88
11 16 13
11 21 19
11 23 59
11 24 53
11 29 83
11 30 98
11 32 38
11 34 96
11 42 90
11 44 71
11 45 71
11 48 78
11 49 89
11 50 33
11 51 13
11 55 20
11 59 91
11 60 34
11 62 49
11 63 11
11 65 51
11 66 51
11 67 91
11 71 19
11 74 43
11 75 83
11 81 1
11 85 65
11 86 43
11 89 71
11 90 33
11 91 26
11 92 14
11 93 69
11 96 89
11 97 32
11 98 53
11 100 26
11 101 94
11 102 94
11 104 71
11 105 96
11 106 49
11 108 5
11 109 64
11 110 18
11 111 82
11 114 33
11 115 84
11 117 16
11 119 10
11 121 30
11 122 94
11 123 24
11 124 40
11 127 2
11 129 73
11 136 0
11 137 31
11 138 71
11 141 70
11 144 35
11 146 87
11 147 91
11 148 28
11 149 97
11 151 6
11 154 49
11 155 53
11 157 26
11 158 56
11 164 91
11 165 44
11 166 34
11 167 28
11 177 7
11 178 39
11 180 53
11 181 3
11 184 1
11 185 88
11 187 54
11 188 96
11 189 3
11 190 89
11 191 27
11 193 59
11 196 89
12 13 65
12 16 97
12 20 74
12 29 80
12 30 25
12 38 33
12 41 17
12 42 51
12 43 75
12 47 75
12 48 32
12 50 14
12 54 58
12 55 96
12 56 97
12 58 18
12 59 5
12 63 42
12 66 9
12 69 38
12 71 20
12 72 43
12 73 97
12 74 20
12 77 3
12 78 70
12 79 53
12 85 4
12 88 3
12 91 26
12 92 51
12 93 82
12 96 15
12 97 35
12 101 43
12 102 26
12 103 12
12 104 17
12 106 99
12 110 65
12 112 21
12 113 55
12 114 12
12 117 56
12 118 56
12 119 4
12 120 33
12 122 9
12 123 58
12 124 3
12 126 52
12 127 38
12 128 67
12 129 51
12 130 71
12 133 96
12 137 28
12 138 97
12 140 57
12 141 28
12 142 46
12 143 29
12 144 78
12 145 74
12 146 35
12 151 84
12 152 63
12 154 0
12 155 90
12 156 58
12 157 43
12 159 47
12 161 65
12 162 25
12 166 46
12 168 59
12 169 53
12 170 43
12 171 90
12 180 32
12 182 50
12 183 18
12 185 32
12 186 73
12 187 17
12 189 24
12 190 40
12 191 8
12 192 68
12 197 56
12 198 71
12 199 93
13 15 14
13 16 78
13 17 76
13 18 2
13 19 69
13 20 86
13 22 6
13 23 19
13 24 37
13 25 53
13 27 64
13 32 70
13 37 32
13 38 40
13 39 80
13 42 68
13 44 67
13 51 67
13 52 50
13 53 76
13 54 38
13 56 69
13 58 86
13 59 89
13 60 20
13 63 43
13 66 29
13 67 37
13 68 87
13 69 16
13 74 55
13 77 66
13 80 35
13 85 30
13 87 69
13 89 2
13 90 20
13 91 23
13 93 71
13 94 45
13 95 69
13 98 75
13 100 79
13 102 79
13 104 77
13 105 49
13 106 53
13 113 60
13 115 38
13 117 94
13 119 32
13 120 22
13 122 73
13 123 88
13 126 43
13 127 93
13 130 21
13 133 87
13 134 78
13 136 27
13 139 88
13 141 94
13 143 91
13 144 29
13 147 46
13 153 14
13 160 72
13 161 91
13 162 10
13 164 43
13 167 52
13 168 27
13 170 68
13 172 28
13 174 58
13 176 7
13 177 44
13 179 5
13 182 94
13 184 78
13 185 5
13 186 2
13 187 96
13 189 72
13 190 14
13 191 65
13 192 19
13 194 45
13 196 18
13 197 25
13 198 35
13 199 25
14 16 87
14 17 19
14 21 78
14 23 69
14 25 39
14 26 97
14 27 82
14 30 76
14 33 17
14 34 11
14 35 31
14 36 62
14 37 94
14 39 8
14 43 8
14 45 54
14 46 27
14 47 2
14 48 39
14 49 18
14 50 1
14 54 58
14 55 22
14 58 0
14 59 55
14 61 20
14 66 51
14 67 4
14 68 29
14 69 18
14 72 75
14 73 55
14 74 15
14 75 50
14 78 97
14 82 82
14 83 48
14 86 50
14 90 3
14 92 94
14 93 69
14 96 74
14 97 0
14 98 8
14 101 3
14 102 58
14 103 64
14 106 77
14 113 50
14 116 91
14 117 17
14 118 95
14 119 11
14 124 38
14 128 79
14 131 21
14 133 85
14 135 57
14 136 27
14 137 47
14 139 88
14 140 46
14 142 6
14 144 34
14 145 54
14 149 3
14 150 62
14 151 72
14 154 36
14 155 7
14 156 82
14 157 21
14 159 74
14 160 53
14 162 52
14 164 12
14 165 49
14 168 54
14 172 77
14 173 13
14 176 64
14 178 45
14 179 65
14 180 13
14 181 2
14 185 16
14 186 78
14 189 20
14 191 27
14 192 48
14 194 16
15 19 62
15 21 89
15 22 91
15 23 57
15 24 64
15 25 67
15 26 47
15 29 43
15 30 5
15 33 73
15 34 42
15 36 35
15 37 95
15 39 97
15 41 1
15 42 17
15 43 81
15 44 27
15 47 87
15 52 29
15 53 87
15 54 10
15 55 11
15 56 77
15 57 6
15 62 77
15 64 78
15 66 14
15 69 93
15 70 63
15 72 75
15 73 28
15 75 66
15 76 89
15 77 43
15 80 9
15 82 24
15 83 63
15 86 47
15 88 96
15 89 19
15 91 84
15 93 90
15 94 76
15 96 4
15 97 23
15 98 78
15 99 50
15 102 1
15 107 26
15 108 98
15 112 8
15 114 29
15 115 46
15 116 53
15 117 46
15 121 83
15 123 24
15 124 48
15 127 32
15 129 14
15 130 91
15 132 97
15 133 62
15 134 79
15 139 94
15 141 34
15 142 97
15 143 60
15 145 20
15 146 8
15 152 42
15 154 44
15 155 2
15 161 13
15 163 6
15 164 57
15 167 49
15 168 30
15 169 11
15 172 93
15 173 40
15 174 95
15 175 77
15 178 97
15 181 48
15 182 59
15 183 51
15 186 7
15 187 28
15 190 12
15 191 60
15 194 6
15 197 24
15 198 45
15 199 39
16 18 3
16 20 44
16 21 28
16 25 58
16 26 70
16 28 73
16 30 22
16 36 96
16 40 85
16 41 7
16 42 8
16 43 87
16 45 78
16 46 82
16 47 70
16 49 16
16 50 70
16 51 76
16 52 54
16 53 3
16 57 66
16 59 44
16 62 74
16 64 75
16 68 33
16 69 75
16 72 53
16 73 68
16 76 23
16 78 88
16 81 8
16 84 34
16 89 84
16 90 5
16 92 35
16 93 36
16 94 36
16 95 92
16 96 66
16 97 11
16 98 60
16 100 72
16 105 48
16 106 29
16 107 42
16 108 9
16 109 23
16 110 3
16 111 62
16 112 47
16 117 94
16 118 86
16 120 7
16 121 12
16 122 73
16 124 21
16 127 84
16 131 32
16 133 57
16 134 2
16 135 97
16 136 27
16 137 85
16 140 4
16 141 76
16 147 27
16 150 23
16 151 19
16 153 67
16 155 37
16 160 89
16 161 51
16 163 6
16 165 79
16 166 67
16 168 6
16 170 88
16 171 9
16 172 82
16 181 50
16 183 15
16 184 6
16 187 99
16 188 45
16 190 11
16 191 10
16 193 94
16 195 52
17 24 37
17 26 59
17 27 47
17 29 60
17 30 73
17 31 22
17 33 49
17 36 8
17 37 6
17 38 6
17 40 54
17 44 46
17 48 93
17 49 87
17 54 60
17 58 81
17 60 78
17 61 96
17 63 89
17 67 10
17 69 11
17 75 74
17 78 27
17 81 34
17 82 97
17 83 51
17 84 15
17 86 76
17 88 17
17 89 0
17 90 27
17 92 75
17 94 2
17 95 38
17 96 63
17 98 86
17 99 6
17 100 54
17 105 71
17 106 73
17 108 20
17 112 25
17 115 32
17 116 30
17 119 78
17 120 45
17 121 94
17 124 3
17 125 76
17 126 25
17 127 32
17 130 96
17 131 85
17 133 87
17 134 91
17 135 91
17 137 59
17 139 37
17 142 28
17 144 39
17 146 38
17 147 83
17 150 68
17 151 37
17 152 14
17 154 91
17 155 21
17 157 36
17 159 32
17 161 82
17 162 56
17 168 72
17 171 44
17 174 6
17 179 81
17 183 4
17 185 88
17 189 20
17 190 19
17 192 69
17 193 57
17 195 82
17 196 96
17 197 28
17 198 89
18 21 40
18 23 52
18 28 52
18 29 58
18 30 97
18 33 53
18 35 74
18 36 5
18 38 68
18 40 41
18 43 14
18 44 50
18 45 35
18 46 53
18 48 71
18 49 57
18 50 44
18 54 59
18 61 71
18 62 44
18 63 1
18 64 39
18 65 30
18 66 80
18 68 98
18 69 10
18 70 42
18 71 67
18 72 86
18 73 39
18 74 21
18 75 82
18 80 65
18 87 51
18 89 54
18 90 95
18 91 96
18 95 8
18 96 84
18 97 14
18 103 80
18 109 4
18 110 47
18 112 17
18 117 89
18 118 54
18 120 8
18 121 13
18 123 79
18 124 94
18 128 5
18 129 99
18 133 71
18 135 20
18 136 59
18 139 68
18 140 7
18 143 40
18 144 2
18 150 4
18 151 81
18 152 63
18 153 96
18 156 48
18 157 94
18 158 83
18 165 36
18 166 52
18 170 21
18 171 61
18 174 19
18 176 92
18 177 74
18 178 31
18 180 1
18 184 74
18 186 0
18 187 61
18 188 23
18 191 67
19 20 89
19 22 88
19 24 86
19 26 10
19 28 78
19 35 5
19 36 74
19 37 7
19 38 72
19 39 64
19 41 32
19 42 43
19 44 3
19 46 53
19 48 46
19 52 56
19 55 89
19 58 48
19 59 70
19 60 13
19 61 49
19 62 38
19 65 53
19 68 98
19 73 60
19 75 66
19 78 41
19 79 84
19 80 49
19 81 36
19 84 76
19 86 97
19 87 34
19 90 7
19 91 69
19 94 4
19 95 15
19 96 91
19 97 39
19 101 58
19 102 43
19 103 15
19 105 62
19 109 6
19 112 48
19 113 70
19 114 46
19 115 96
19 120 76
19 122 51
19 123 40
19 128 72
19 129 33
19 130 7
19 132 50
19 133 34
19 134 69
19 135 17
19 137 15
19 139 65
19 140 87
19 141 10
19 143 33
19 144 36
19 146 62
19 147 41
19 148 13
19 151 84
19 152 63
19 153 57
19 156 29
19 158 15
19 163 96
19 165 68
19 168 14
19 169 86
19 172 61
19 173 44
19 176 3
19 178 53
19 181 97
19 182 40
19 184 74
19 185 8
19 193 26
19 194 34
19 196 58
20 21 15
20 23 16
20 25 93
20 26 59
20 27 33
20 28 72
20 31 30
20 34 30
20 35 33
20 37 73
20 38 48
20 40 48
20 42 57
20 45 9
20 46 37
20 50 61
20 52 60
20 53 95
20 64 80
20 65 79
20 67 72
20 69 56
20 70 92
20 73 42
20 74 5
20 75 50
20 76 83
20 78 19
20 80 48
20 82 38
20 83 19
20 84 40
20 87 46
20 93 38
20 96 81
20 99 81
20 101 71
20 104 58
20 105 30
20 106 27
20 107 13
20 109 47
20 111 16
20 113 28
20 119 45
20 121 12
20 122 79
20 123 48
20 126 71
20 129 76
20 133 5
20 134 68
20 135 97
20 136 97
20 139 16
20 144 99
20 145 12
20 147 13
20 148 69
20 150 38
20 152 5
20 154 28
20 155 57
20 159 81
20 160 4
20 161 73
20 163 52
20 164 9
20 165 27
20 166 84
20 167 1
20 169 11
20 173 61
20 174 29
20 178 83
20 180 7
20 182 77
20 183 74
20 186 5
20 188 6
20 189 10
20 190 63
20 199 61
21 22 45
21 23 78
21 25 36
21 27 26
21 28 78
21 29 17
21 34 46
21 37 78
21 38 15
21 40 99
21 43 12
21 44 27
21 48 53
21 49 52
21 51 35
21 54 34
21 55 98
21 56 61
21 60 10
21 61 90
21 64 14
21 65 54
21 66 69
21 67 19
21 68 69
21 69 8
21 72 77
21 79 9
21 86 49
21 88 49
21 89 10
21 95 65
21 96 6
21 97 66
21 98 29
21 99 41
21 100 31
21 101 32
21 102 52
21 104 99
21 105 54
21 108 44
21 109 32
21 112 60
21 113 18
21 115 71
21 116 82
21 119 98
21 120 13
21 123 27
21 124 51
21 126 5
21 129 35
21 131 60
21 132 21
21 135 16
21 136 21
21 141 5
21 143 68
21 145 56
21 147 48
21 148 93
21 149 62
21 151 61
21 152 95
21 155 96
21 157 45
21 159 87
21 161 22
21 163 96
21 166 62
21 167 34
21 168 54
21 170 57
21 171 35
21 173 32
21 174 41
21 176 0
21 178 36
21 179 62
21 180 60
21 182 64
21 190 27
21 191 22
21 195 74
21 197 26
22 23 57
22 25 35
22 26 81
22 27 56
22 28 89
22 29 35
22 30 72
22 32 77
22 35 84
22 37 23
22 38 26
22 41 56
22 42 96
22 45 32
22 47 27
22 49 2
22 51 81
22 53 40
22 54 9
22 55 8
22 57 47
22 59 49
22 60 87
22 63 63
22 69 36
22 72 36
22 74 21
22 75 24
22 76 91
22 77 72
22 80 91
22 81 11
22 83 32
22 84 64
22 85 22
22 86 72
22 96 56
22 97 53
22 100 56
22 102 55
22 103 61
22 105 27
22 106 9
22 109 61
22 112 68
22 113 63
22 114 34
22 115 36
22 119 31
22 121 83
22 122 77
22 123 73
22 124 34
22 126 10
22 127 50
22 128 65
22 132 49
22 133 30
22 134 78
22 136 75
22 137 39
22 138 44
22 139 41
22 141 48
22 145 20
22 146 19
22 148 79
22 149 38
22 150 17
22 152 66
22 153 50
22 157 22
22 163 62
22 166 91
22 167 80
22 169 45
22 170 30
22 172 64
22 173 77
22 175 55
22 177 34
22 181 3
22 182 96
22 183 8
22 184 6
22 186 58
22 189 85
22 190 48
22 191 31
22 192 4
22 193 11
22 194 35
22 195 0
22 196 98
22 198 96
23 24 36
23 27 47
23 31 99
23 32 38
23 33 41
23 35 64
23 36 97
23 37 2
23 38 30
23 43 93
23 46 64
23 48 70
23 49 87
23 51 70
23 52 52
23 55 45
23 56 59
23 57 41
23 59 93
23 61 51
23 62 82
23 64 62
23 66 64
23 69 24
23 70 37
23 71 49
23 72 63
23 74 6
23 75 76
23 77 29
23 80 28
23 81 16
23 82 12
23 84 25
23 85 5
23 88 92
23 90 11
23 92 93
23 93 69
23 95 67
23 96 6
23 100 44
23 101 56
23 102 69
23 104 15
23 105 35
23 107 53
23 108 3
23 116 92
23 120 69
23 121 16
23 123 80
23 127 17
23 128 54
23 129 47
23 130 16
23 132 72
23 133 87
23 134 12
23 135 95
23 138 61
23 139 44
23 142 25
23 143 33
23 145 44
23 147 48
23 148 37
23 149 14
23 152 97
23 153 37
23 154 72
23 156 92
23 158 9
23 159 88
23 161 96
23 163 81
23 165 32
23 171 28
23 174 80
23 179 14
23 181 22
23 182 36
23 183 65
23 185 74
23 187 61
23 190 32
23 191 20
23 192 27
23 193 49
23 194 94
23 196 79
23 197 17
23 198 89
24 25 46
24 27 85
24 29 16
24 33 63
24 34 49
24 37 99
24 41 51
24 42 88
24 44 34
24 45 88
24 47 62
24 48 10
24 49 3
24 50 84
24 53 40
24 54 56
24 56 65
24 57 9
24 58 38
24 61 37
24 62 88
24 64 8
24 66 40
24 67 95
24 68 13
24 70 33
24 73 33
24 75 35
24 77 38
24 79 2
24 80 5
24 81 25
24 82 88
24 83 64
24 84 68
24 85 20
24 89 95
24 91 4
24 95 46
24 96 68
24 97 58
24 98 38
24 99 86
24 100 71
24 104 57
24 105 23
24 107 64
24 108 46
24 111 34
24 113 75
24 114 76
24 115 60
24 116 29
24 118 62
24 122 34
24 123 23
24 127 80
24 128 57
24 129 76
24 131 41
24 132 10
24 133 58
24 134 30
24 135 44
24 136 79
24 137 55
24 141 77
24 142 11
24 144 80
24 149 8
24 150 59
24 156 44
24 157 97
24 160 98
24 162 35
24 163 8
24 164 19
24 165 4
24 168 67
24 169 17
24 170 42
24 173 22
24 174 59
24 180 40
24 182 88
24 184 72
24 186 21
24 187 65
24 188 39
24 194 71
24 198 30
24 199 36
25 28 95
25 29 27
25 30 32
25 31 15
25 33 95
25 35 90
25 36 12
25 40 83
25 41 19
25 45 34
25 47 38
25 48 86
25 51 21
25 52 17
25 59 39
25 60 33
25 61 6
25 63 3
25 65 82
25 70 87
25 72 47
25 74 37
25 76 22
25 79 49
25 81 98
25 90 33
25 91 60
25 95 90
25 96 76
25 98 70
25 100 42
25 107 8
25 108 29
25 110 2
25 112 87
25 117 0
25 118 27
25 119 39
25 121 63
25 122 52
25 126 90
25 127 18
25 129 28
25 131 28
25 132 99
25 133 12
25 134 89
25 135 11
25 136 44
25 137 9
25 138 4
25 140 43
25 141 11
25 143 73
25 144 33
25 145 91
25 148 99
25 150 6
25 156 4
25 159 59
25 161 94
25 162 31
25 163 40
25 166 9
25 167 75
25 169 88
25 170 59
25 172 25
25 173 74
25 174 94
25 175 86
25 178 1
25 179 2
25 180 57
25 181 33
25 183 67
25 185 79
25 188 32
25 196 19
25 197 52
25 198 96
26 31 5
26 33 4
26 34 63
26 36 7
26 38 86
26 43 65
26 44 0
26 48 95
26 49 1
26 52 10
26 54 9
26 59 76
26 65 68
26 66 52
26 68 14
26 70 19
26 71 31
26 73 30
26 74 71
26 75 44
26 76 19
26 77 88
26 84 42
26 85 73
26 86 66
26 88 52
26 90 51
26 91 17
26 93 59
26 94 27
26 95 75
26 98 17
26 100 56
26 104 50
26 105 70
26 107 67
26 110 27
26 113 82
26 114 55
26 121 80
26 124 10
26 126 98
26 129 31
26 130 77
26 138 28
26 139 4
26 142 90
26 150 78
26 151 65
26 152 32
26 153 81
26 155 27
26 156 74
26 161 12
26 163 35
26 167 51
26 168 3
26 170 62
26 171 55
26 172 58
26 173 34
26 174 61
26 176 44
26 181 1
26 182 37
26 187 12
26 190 5
26 192 72
26 195 63
26 196 21
26 197 3
26 198 89
27 34 11
27 36 68
27 37 0
27 38 96
27 41 30
27 42 57
27 44 75
27 45 8
27 48 81
27 49 7
27 50 94
27 51 20
27 53 25
27 57 69
27 58 96
27 59 65
27 61 30
27 63 83
27 64 99
27 65 10
27 66 71
27 71 67
27 73 62
27 74 41
27 75 53
27 76 68
27 78 89
27 86 92
27 87 97
27 88 35
27 89 79
27 91 92
27 94 68
27 95 41
27 96 12
27 98 65
27 100 48
27 102 54
27 104 63
27 107 30
27 109 97
27 110 82
27 113 1
27 115 8
27 117 6
27 120 86
27 121 92
27 122 78
27 123 35
27 127 70
27 128 90
27 134 87
27 135 91
27 138 84
27 140 69
27 142 9
27 143 19
27 147 41
27 148 38
27 151 80
27 152 37
27 153 41
27 154 78
27 158 80
27 159 11
27 160 68
27 162 13
27 165 14
27 167 53
27 171 16
27 176 95
27 178 72
27 180 78
27 181 78
27 182 42
27 184 85
27 188 46
27 189 56
27 190 54
27 191 18
27 194 4
27 195 27
27 196 92
27 198 27
28 29 71
28 30 78
28 31 36
28 32 53
28 33 81
28 36 85
28 39 58
28 41 7
28 44 91
28 45 10
28 47 83
28 50 47
28 54 43
28 55 13
28 56 58
28 61 5
28 62 33
28 68 92
28 69 92
28 70 9
28 71 18
28 74 44
28 76 75
28 78 81
28 79 31
28 80 56
28 81 47
28 82 26
28 83 74
28 86 96
28 87 7
28 88 97
28 90 13
28 92 10
28 93 63
28 97 80
28 98 62
28 99 31
28 102 27
28 104 0
28 105 70
28 107 72
28 109 55
28 110 19
28 114 62
28 116 63
28 118 86
28 119 70
28 120 38
28 121 29
28 124 47
28 125 48
28 126 66
28 127 67
28 128 75
28 130 26
28 133 1
28 134 91
28 135 55
28 136 68
28 137 3
28 139 76
28 144 46
28 145 19
28 149 53
28 151 53
28 153 31
28 156 38
28 158 48
28 161 26
28 163 42
28 164 31
28 171 93
28 174 80
28 178 96
28 182 86
28 184 28
28 185 53
28 188 85
28 189 33
28 192 52
28 195 22
29 30 35
29 33 0
29 35 8
29 38 37
29 39 27
29 43 40
29 52 54
29 56 35
29 59 44
29 60 81
29 67 38
29 78 75
29 81 1
29 82 44
29 83 50
29 84 30
29 87 67
29 88 67
29 90 5
29 91 63
29 94 37
29 98 61
29 99 85
29 100 68
29 101 95
29 103 27
29 107 2
29 108 48
29 115 46
29 118 67
29 119 82
29 122 18
29 125 26
29 127 26
29 131 83
29 135 61
29 136 90
29 137 29
29 138 12
29 139 91
29 140 20
29 141 8
29 142 69
29 143 15
29 144 21
29 146 40
29 149 27
29 152 24
29 153 39
29 154 46
29 155 76
29 156 77
29 157 13
29 160 48
29 161 73
29 164 81
29 165 66
29 166 8
29 170 76
29 171 1
29 172 71
29 174 42
29 176 9
29 177 17
29 178 88
29 179 3
29 180 77
29 183 9
29 184 77
29 185 45
29 186 30
29 187 13
29 191 10
29 192 99
29 195 88
30 34 61
30 37 67
30 38 79
30 39 57
30 41 77
30 43 82
30 46 69
30 47 18
30 48 59
30 49 53
30 50 88
30 52 62
30 54 82
30 55 60
30 56 4
30 57 33
30 58 84
30 61 49
30 64 20
30 65 77
30 68 94
30 69 44
30 71 52
30 73 47
30 74 65
30 77 5
30 82 70
30 84 48
30 85 0
30 86 27
30 88 18
30 89 42
30 90 13
30 96 71
30 98 37
30 101 16
30 102 87
30 103 84
30 108 35
30 109 81
30 110 62
30 112 21
30 117 20
30 119 45
30 122 47
30 123 98
30 125 86
30 126 61
30 129 22
30 130 44
30 134 52
30 141 76
30 142 4
30 143 52
30 144 86
30 145 8
30 146 92
30 148 65
30 149 75
30 150 8
30 152 88
30 155 31
30 156 67
30 158 44
30 161 86
30 163 33
30 164 22
30 165 86
30 166 87
30 168 92
30 169 56
30 173 77
30 176 37
30 181 8
30 182 39
30 185 37
30 189 44
30 190 6
30 192 21
30 194 20
30 195 91
31 32 48
31 34 64
31 35 77
31 38 12
31 40 86
31 43 16
31 44 72
31 45 8
31 46 1
31 47 80
31 48 78
31 53 2
31 56 32
31 60 29
31 62 14
31 68 21
31 69 55
31 72 44
31 73 48
31 77 64
31 79 63
31 81 56
31 82 80
31 83 55
31 86 23
31 87 74
31 88 64
31 89 24
31 93 87
31 94 93
31 97 41
31 98 96
31 99 67
31 105 28
31 106 11
31 110 44
31 119 32
31 120 87
31 121 28
31 123 20
31 125 95
31 126 61
31 129 65
31 137 54
31 138 19
31 140 50
31 141 19
31 143 25
31 146 45
31 149 97
31 152 45
31 153 66
31 155 43
31 158 99
31 160 69
31 162 93
31 163 71
31 164 78
31 166 90
31 169 45
31 173 89
31 175 63
31 180 46
31 185 57
31 187 44
31 191 73
31 195 79
31 196 58
31 197 60
31 198 72
32 33 83
32 40 65
32 42 30
32 44 20
32 45 71
32 46 69
32 48 58
32 49 85
32 54 58
32 56 6
32 57 90
32 59 18
32 60 59
32 63 11
32 65 24
32 67 71
32 70 42
32 71 3
32 73 95
32 74 73
32 75 18
32 76 17
32 78 27
32 80 2
32 87 53
32 88 39
32 89 46
32 94 40
32 95 39
32 96 22
32 97 34
32 99 18
32 102 53
32 109 94
32 112 25
32 113 4
32 114 84
32 115 93
32 118 98
32 121 76
32 126 30
32 127 97
32 128 42
32 129 2
32 130 79
32 132 95
32 134 0
32 136 31
32 137 31
32 138 43
32 144 2
32 147 95
32 150 41
32 151 73
32 154 81
32 159 62
32 160 13
32 162 31
32 163 2
32 164 8
32 172 50
32 173 15
32 174 33
32 175 30
32 177 95
32 178 47
32 179 82
32 181 70
32 184 34
32 186 88
32 187 62
32 189 96
32 197 38
32 199 73
33 34 34
33 35 46
33 36 91
33 37 28
33 39 84
33 40 45
33 41 67
33 44 94
33 45 42
33 47 11
33 49 34
33 50 36
33 51 67
33 56 3
33 57 49
33 58 82
33 61 73
33 62 97
33 64 6
33 65 93
33 66 25
33 67 91
33 72 33
33 73 4
33 75 31
33 76 88
33 77 73
33 78 12
33 80 14
33 85 24
33 86 97
33 87 69
33 90 88
33 94 26
33 95 86
33 96 95
33 98 8
33 99 51
33 100 17
33 103 47
33 104 7
33 108 25
33 110 21
33 111 98
33 112 69
33 114 1
33 116 17
33 117 27
33 118 27
33 120 49
33 121 33
33 122 16
33 123 96
33 125 57
33 128 13
33 131 98
33 132 47
33 136 39
33 138 66
33 140 11
33 144 45
33 145 87
33 146 86
33 147 94
33 149 62
33 150 23
33 151 10
33 153 40
33 156 56
33 158 16
33 159 64
33 160 77
33 162 45
33 164 33
33 168 89
33 169 83
33 171 49
33 175 41
33 176 72
33 179 64
33 180 34
33 182 44
33 184 63
33 185 27
33 187 78
33 188 5
33 189 79
33 190 20
33 191 28
33 194 5
33 197 44
33 198 50
33 199 61
34 37 91
34 38 69
34 41 57
34 42 5
34 44 2
34 46 13
34 47 49
34 48 72
34 49 39
34 50 98
34 51 56
34 52 76
34 55 66
34 56 16
34 57 51
34 58 77
34 59 95
34 60 30
34 61 45
34 63 74
34 64 28
34 69 0
34 72 88
34 75 24
34 76 90
34 77 64
34 81 32
34 82 57
34 90 80
34 91 79
34 94 31
34 96 12
34 97 82
34 98 22
34 100 34
34 101 1
34 104 41
34 106 40
34 107 28
34 111 69
34 115 35
34 117 16
34 118 48
34 119 0
34 122 69
34 124 94
34 126 49
34 127 21
34 128 61
34 130 3
34 133 35
34 134 34
34 135 5
34 139 94
34 140 33
34 141 72
34 142 17
34 143 64
34 144 34
34 146 62
34 148 4
34 151 20
34 153 8
34 155 68
34 163 18
34 165 98
34 167 54
34 168 88
34 169 78
34 171 22
34 174 54
34 178 35
34 179 88
34 180 2
34 183 84
34 184 18
34 186 71
34 188 84
34 189 53
34 190 8
34 192 2
34 193 66
34 194 91
34 195 28
34 198 66
35 37 7
35 38 2
35 40 79
35 41 56
35 42 18
35 43 73
35 45 58
35 48 35
35 52 96
35 55 9
35 56 98
35 58 2
35 62 92
35 63 29
35 65 85
35 72 79
35 73 4
35 74 46
35 75 17
35 76 21
35 77 69
35 81 19
35 82 61
35 83 22
35 84 14
35 90 65
35 92 98
35 93 20
35 94 92
35 98 73
35 99 47
35 100 95
35 101 91
35 103 92
35 104 53
35 108 22
35 109 97
35 110 83
35 112 80
35 113 72
35 118 3
35 120 28
35 121 10
35 122 65
35 124 32
35 127 1
35 128 32
35 129 37
35 130 8
35 131 94
35 133 12
35 134 14
35 135 87
35 139 36
35 141 20
35 145 9
35 146 88
35 147 40
35 148 83
35 150 83
35 153 6
35 154 52
35 159 52
35 160 48
35 161 60
35 167 61
35 169 75
35 170 79
35 171 74
35 172 69
35 173 66
35 175 29
35 177 65
35 178 19
35 179 87
35 180 46
35 181 48
35 182 16
35 183 2
35 184 62
35 185 95
35 186 94
35 187 61
35 192 7
35 196 3
35 199 19
36 39 0
36 40 41
36 41 46
36 44 49
36 45 47
36 46 18
36 48 79
36 49 3
36 50 19
36 55 68
36 57 59
36 58 61
36 60 74
36 62 43
36 63 43
36 65 3
36 66 13
36 70 44
36 71 22
36 73 92
36 74 60
36 77 37
36 79 42
36 81 88
36 84 64
36 87 36
36 88 91
36 89 73
36 90 80
36 91 89
36 97 31
36 100 21
36 101 65
36 103 39
36 104 94
36 105 60
36 108 99
36 109 89
36 115 81
36 116 21
36 118 5
36 119 80
36 120 79
36 124 2
36 125 55
36 126 14
36 128 96
36 129 83
36 133 68
36 135 25
36 137 54
36 140 90
36 142 53
36 148 21
36 149 55
36 151 52
36 152 96
36 154 9
36 157 58
36 158 98
36 166 40
36 167 27
36 168 80
36 170 36
36 171 0
36 172 5
36 173 72
36 175 3
36 178 22
36 180 68
36 181 45
36 183 72
36 184 62
36 185 36
36 186 99
36 188 54
36 192 89
36 193 23
36 194 83
36 196 74
36 198 67
37 38 47
37 39 61
37 43 97
37 46 48
37 51 45
37 53 42
37 58 18
37 59 95
37 61 18
37 64 56
37 68 55
37 70 34
37 72 46
37 73 72
37 74 55
37 76 92
37 77 60
37 80 98
37 82 31
37 83 92
37 87 17
37 88 20
37 89 7
37 92 41
37 93 4
37 94 92
37 95 48
37 98 66
37 103 60
37 105 42
37 106 77
37 108 19
37 110 34
37 115 71
37 120 70
37 121 56
37 122 7
37 123 2
37 124 94
37 125 45
37 127 46
37 128 88
37 129 65
37 130 9
37 131 46
37 133 96
37 134 51
37 135 99
37 137 44
37 138 36
37 139 12
37 141 4
37 143 0
37 145 36
37 146 59
37 149 7
37 151 22
37 153 94
37 155 46
37 156 89
37 157 78
37 158 6
37 159 12
37 161 35
37 164 46
37 166 11
37 168 60
37 169 83
37 171 42
37 172 74
37 173 45
37 174 16
37 176 11
37 177 17
37 181 60
37 184 86
37 187 52
37 190 20
37 191 15
37 193 12
37 194 74
37 198 56
37 199 11
38 40 18
38 42 45
38 43 92
38 45 36
38 46 83
38 47 50
38 49 82
38 50 15
38 53 59
38 57 29
38 59 33
38 61 41
38 63 91
38 64 54
38 68 22
38 69 16
38 73 69
38 74 21
38 77 1
38 78 24
38 79 27
38 83 92
38 85 62
38 86 27
38 88 86
38 89 46
38 90 61
38 96 68
38 97 94
38 98 93
38 99 96
38 100 35
38 102 1
38 104 94
38 106 35
38 109 46
38 110 95
38 112 54
38 115 0
38 116 47
38 117 80
38 119 43
38 121 47
38 122 96
38 124 75
38 126 36
38 127 42
38 128 47
38 129 92
38 131 20
38 133 64
38 135 25
38 136 73
38 139 30
38 140 71
38 145 95
38 147 21
38 149 90
38 150 5
38 151 71
38 153 20
38 154 22
38 156 51
38 158 26
38 159 84
38 160 17
38 161 8
38 167 44
38 169 52
38 171 95
38 174 44
38 175 56
38 177 89
38 180 80
38 185 66
38 188 91
38 189 61
38 190 48
38 192 58
38 194 16
38 195 34
38 196 27
38 197 86
39 44 45
39 45 17
39 46 9
39 50 12
39 59 87
39 61 28
39 62 82
39 66 56
39 67 54
39 68 83
39 74 23
39 75 21
39 78 27
39 80 95
39 81 6
39 83 86
39 85 64
39 86 94
39 88 80
39 89 91
39 94 45
39 96 92
39 98 47
39 99 50
39 101 2
39 105 47
39 109 42
39 111 85
39 112 19
39 117 44
39 119 55
39 120 76
39 121 40
39 123 81
39 124 28
39 125 5
39 127 73
39 128 85
39 134 85
39 136 68
39 137 52
39 139 34
39 142 34
39 146 91
39 148 30
39 153 44
39 155 51
39 157 31
39 159 97
39 165 61
39 173 79
39 175 24
39 176 9
39 178 95
39 181 14
39 182 1
39 184 29
39 185 30
39 186 97
39 189 36
39 193 93
39 194 54
39 195 22
39 198 7
40 41 40
40 42 54
40 45 68
40 46 66
40 52 66
40 53 5
40 54 19
40 57 79
40 58 65
40 60 91
40 63 12
40 65 86
40 67 45
40 68 19
40 69 94
40 70 8
40 80 54
40 81 78
40 84 92
40 88 6
40 89 5
40 90 48
40 92 17
40 93 29
40 94 37
40 96 30
40 97 53
40 98 68
40 99 6
40 102 56
40 103 7
40 104 11
40 105 33
40 106 66
40 107 42
40 108 5
40 109 53
40 110 1
40 112 74
40 113 38
40 115 33
40 116 0
40 119 40
40 123 14
40 125 85
40 127 13
40 129 86
40 131 97
40 133 57
40 135 91
40 144 54
40 146 13
40 147 23
40 148 32
40 151 1
40 153 83
40 154 41
40 156 99
40 157 27
40 159 59
40 160 80
40 162 82
40 163 51
40 166 42
40 168 51
40 171 13
40 175 5
40 176 70
40 177 29
40 178 22
40 179 8
40 181 15
40 182 80
40 188 71
40 189 78
40 190 23
40 192 79
40 195 23
40 198 26
41 47 70
41 48 64
41 50 30
41 53 22
41 55 96
41 60 97
41 63 1
41 64 44
41 69 68
41 71 7
41 72 68
41 73 8
41 75 81
41 77 6
41 79 61
41 80 60
41 81 30
41 83 79
41 84 35
41 86 92
41 87 19
41 89 79
41 90 25
41 91 83
41 93 13
41 94 55
41 95 4
41 99 79
41 100 95
41 101 41
41 102 30
41 103 56
41 105 13
41 106 8
41 108 66
41 114 17
41 116 10
41 119 82
41 122 58
41 125 8
41 126 64
41 128 75
41 129 1
41 130 67
41 131 15
41 132 7
41 133 6
41 135 92
41 136 11
41 138 70
41 142 19
41 143 34
41 144 68
41 145 27
41 146 38
41 147 73
41 148 53
41 149 44
41 151 74
41 153 76
41 154 96
41 157 30
41 158 17
41 160 90
41 163 87
41 164 42
41 165 8
41 167 46
41 168 7
41 169 70
41 170 27
41 172 60
41 174 54
41 178 38
41 180 25
41 181 38
41 182 69
41 183 36
41 185 5
41 186 85
41 187 14
41 188 65
41 189 42
41 190 78
41 191 44
41 193 71
41 199 29
42 43 14
42 45 23
42 46 68
42 50 3
42 51 64
42 55 90
42 59 28
42 61 97
42 62 75
42 63 66
42 67 43
42 68 70
42 70 9
42 71 89
42 76 20
42 77 24
42 78 23
42 80 60
42 83 19
42 87 81
42 88 31
42 90 96
42 92 48
42 93 23
42 95 74
42 97 73
42 98 77
42 99 77
42 100 5
42 103 3
42 105 67
42 106 91
42 107 29
42 108 68
42 117 49
42 118 1
42 119 30
42 121 73
42 122 36
42 127 19
42 128 30
42 129 17
42 130 14
42 131 43
42 134 97
42 135 64
42 137 33
42 138 70
42 142 79
42 144 5
42 145 90
42 146 21
42 147 11
42 148 67
42 152 22
42 156 24
42 157 18
42 158 81
42 159 0
42 165 99
42 172 70
42 174 18
42 175 74
42 177 95
42 178 40
42 179 18
42 185 28
42 186 69
42 187 78
42 188 90
42 190 72
42 191 90
42 193 35
42 195 99
42 196 94
43 44 34
43 46 47
43 48 66
43 49 12
43 50 1
43 53 94
43 54 93
43 55 34
43 58 51
43 63 96
43 65 46
43 67 75
43 73 37
43 78 49
43 79 34
43 82 84
43 83 11
43 85 5
43 86 55
43 88 80
43 89 73
43 90 22
43 92 4
43 95 85
43 100 10
43 101 56
43 102 56
43 104 49
43 105 87
43 106 61
43 107 3
43 109 43
43 110 25
43 111 17
43 113 27
43 114 37
43 116 94
43 117 31
43 118 89
43 120 74
43 123 95
43 126 82
43 128 16
43 131 92
43 133 89
43 136 47
43 137 26
43 140 53
43 141 70
43 142 8
43 143 94
43 144 2
43 145 61
43 148 8
43 150 61
43 152 32
43 154 35
43 156 63
43 157 26
43 161 55
43 163 7
43 166 37
43 168 32
43 170 49
43 171 35
43 173 56
43 174 58
43 179 12
43 183 30
43 185 11
43 189 85
43 191 63
43 193 99
43 194 18
43 195 79
43 196 26
43 197 34
43 198 80
44 45 21
44 48 3
44 53 90
44 54 5
44 55 97
44 56 61
44 57 13
44 59 11
44 61 14
44 62 1
44 64 27
44 65 11
44 70 44
44 73 70
44 75 31
44 76 37
44 77 82
44 79 69
44 80 40
44 83 81
44 88 12
44 89 4
44 91 88
44 94 85
44 98 90
44 102 48
44 103 8
44 104 60
44 105 71
44 106 71
44 108 93
44 110 45
44 113 44
44 114 62
44 115 45
44 117 70
44 119 19
44 122 24
44 123 10
44 124 36
44 125 39
44 127 41
44 129 82
44 131 76
44 132 95
44 133 18
44 136 93
44 137 95
44 141 22
44 143 54
44 146 76
44 147 37
44 148 5
44 149 76
44 151 71
44 152 42
44 153 19
44 154 59
44 156 46
44 157 83
44 159 19
44 160 52
44 166 66
44 169 23
44 170 25
44 171 95
44 173 43
44 174 65
44 175 67
44 177 72
44 180 69
44 181 87
44 183 85
44 185 38
44 186 70
44 187 26
44 188 76
44 189 35
44 190 31
44 191 31
44 193 91
44 194 30
44 195 54
44 196 49
44 197 52
44 198 21
45 49 57
45 50 0
45 52 56
45 53 26
45 54 42
45 58 73
45 63 61
45 65 20
45 66 15
45 67 20
45 68 9
45 70 11
45 71 78
45 72 9
45 79 92
45 82 9
45 85 63
45 86 92
45 89 12
45 97 83
45 100 99
45 101 35
45 104 15
45 105 43
45 106 95
45 110 82
45 112 10
45 113 16
45 115 26
45 116 54
45 117 30
45 118 90
45 120 60
45 121 23
45 129 74
45 130 8
45 131 14
45 133 20
45 136 0
45 138 20
45 140 86
45 141 52
45 142 56
45 143 57
45 144 0
45 145 78
45 147 90
45 150 29
45 151 34
45 152 5
45 153 96
45 154 43
45 155 47
45 157 77
45 158 18
45 163 83
45 164 18
45 165 54
45 166 76
45 168 19
45 170 36
45 172 89
45 176 12
45 178 48
45 180 88
45 181 5
45 182 33
45 183 83
45 188 45
45 189 93
45 191 99
45 193 38
45 195 90
45 196 22
45 197 4
45 198 13
45 199 1
46 47 25
46 50 52
46 51 5
46 54 14
46 58 43
46 60 99
46 62 47
46 64 83
46 65 54
46 66 80
46 67 14
46 69 68
46 70 61
46 74 34
46 75 6
46 76 33
46 77 97
46 79 94
46 81 84
46 83 76
46 84 9
46 85 5
46 87 20
46 89 50
46 92 34
46 94 39
46 97 20
46 98 43
46 99 31
46 103 42
46 104 63
46 107 6
46 108 82
46 109 98
46 110 32
46 112 82
46 113 4
46 115 59
46 116 45
46 118 84
46 123 87
46 125 99
46 127 23
46 128 0
46 130 5
46 131 40
46 137 54
46 139 95
46 140 40
46 142 33
46 144 77
46 145 92
46 146 59
46 147 74
46 148 90
46 154 28
46 155 68
46 156 79
46 157 36
46 159 99
46 162 39
46 163 50
46 167 86
46 168 96
46 171 58
46 173 63
46 174 24
46 175 13
46 176 10
46 179 29
46 180 89
46 183 27
46 185 48
46 187 27
46 189 24
46 190 51
46 191 78
46 192 8
46 196 73
46 199 21
47 48 87
47 49 29
47 52 36
47 55 59
47 56 84
47 60 54
47 61 9
47 62 71
47 69 12
47 70 30
47 74 71
47 80 77
47 86 49
47 87 6
47 89 8
47 90 67
47 91 86
47 92 40
47 97 51
47 99 80
47 102 62
47 103 30
47 104 85
47 105 70
47 107 62
47 109 96
47 111 80
47 112 96
47 114 30
47 115 52
47 118 0
47 120 69
47 122 39
47 123 30
47 125 15
47 128 89
47 129 94
47 130 16
47 131 24
47 133 78
47 135 17
47 136 91
47 138 69
47 139 59
47 140 59
47 141 34
47 142 59
47 143 69
47 147 2
47 148 56
47 149 32
47 151 56
47 153 62
47 154 38
47 156 60
47 157 53
47 159 83
47 160 77
47 162 94
47 163 21
47 164 92
47 166 16
47 167 58
47 170 3
47 172 18
47 173 91
47 174 90
47 175 8
47 178 82
47 179 36
47 181 41
47 182 8
47 183 81
47 185 68
47 187 34
47 189 91
47 190 79
47 191 30
47 192 80
47 193 7
47 196 23
47 199 86
48 49 44
48 54 63
48 55 94
48 56 80
48 57 78
48 62 39
48 66 95
48 68 23
48 69 11
48 72 68
48 73 9
48 75 23
48 77 27
48 78 59
48 84 43
48 86 24
48 88 16
48 90 51
48 91 52
48 92 17
48 93 1
48 95 50
48 98 69
48 99 10
48 104 63
48 105 23
48 106 33
48 107 8
48 111 1
48 113 98
48 114 75
48 116 72
48 119 4
48 120 90
48 121 15
48 122 56
48 126 98
48 127 75
48 128 9
48 129 48
48 131 57
48 132 82
48 133 94
48 134 15
48 135 42
48 137 3
48 138 98
48 139 59
48 140 9
48 143 22
48 148 66
48 151 40
48 155 66
48 158 75
48 159 12
48 161 39
48 163 20
48 165 77
48 166 67
48 168 88
48 169 77
48 170 63
48 173 42
48 176 40
48 177 40
48 178 36
48 179 95
48 181 81
48 184 2
48 185 4
48 186 60
48 187 11
48 190 92
48 191 17
48 192 5
48 193 99
49 54 45
49 55 49
49 56 9
49 58 24
49 59 98
49 60 16
49 63 76
49 64 42
49 65 98
49 66 44
49 68 61
49 69 25
49 70 67
49 71 54
49 73 50
49 76 60
49 77 30
49 78 40
49 79 11
49 81 63
49 82 41
49 83 61
49 84 70
49 85 28
49 91 0
49 92 87
49 96 80
49 97 27
49 98 40
49 99 97
49 100 29
49 101 51
49 103 60
49 104 65
49 105 82
49 107 25
49 110 79
49 113 87
49 114 63
49 116 24
49 117 54
49 119 86
49 120 54
49 121 32
49 124 76
49 132 41
49 133 27
49 134 72
49 135 49
49 136 54
49 138 41
49 140 66
49 143 82
49 145 33
49 147 33
49 152 5
49 154 69
49 156 51
49 157 80
49 159 33
49 160 46
49 166 29
49 167 7
49 168 96
49 169 40
49 170 3
49 171 56
49 172 16
49 173 71
49 174 85
49 175 2
49 178 68
49 181 74
49 182 46
49 183 78
49 185 39
49 193 52
49 194 76
49 195 31
49 197 16
50 51 29
50 52 49
50 53 30
50 55 97
50 56 51
50 59 42
50 61 39
50 62 57
50 63 69
50 64 48
50 66 30
50 68 16
50 72 63
50 74 36
50 78 73
50 79 29
50 81 57
50 82 54
50 85 38
50 87 31
50 88 31
50 89 2
50 92 26
50 93 25
50 95 97
50 96 49
50 97 44
50 98 49
50 99 19
50 102 42
50 103 35
50 104 43
50 106 48
50 107 19
50 109 46
50 111 82
50 115 97
50 117 11
50 119 59
50 122 20
50 123 43
50 124 88
50 125 7
50 127 19
50 128 48
50 129 96
50 130 54
50 131 85
50 132 18
50 134 8
50 138 32
50 139 40
50 140 37
50 141 2
50 142 73
50 145 10
50 146 55
50 147 13
50 148 56
50 149 77
50 153 37
50 154 27
50 155 46
50 156 57
50 157 25
50 158 91
50 160 22
50 162 23
50 164 55
50 165 21
50 168 81
50 171 24
50 173 37
50 176 69
50 177 13
50 178 95
50 182 27
50 183 7
50 184 57
50 185 88
50 186 66
50 189 39
50 190 27
50 191 17
50 192 96
50 195 92
50 198 84
50 199 74
51 54 74
51 55 73
51 57 7
51 58 11
51 59 86
51 62 1
51 64 90
51 66 74
51 67 64
51 68 27
51 69 37
51 73 41
51 77 14
51 80 86
51 83 69
51 89 39
51 90 84
51 92 0
51 94 71
51 97 12
51 100 26
51 101 56
51 105 79
51 106 83
51 107 50
51 109 64
51 112 5
51 114 58
51 115 44
51 117 79
51 119 12
51 120 45
51 122 91
51 123 55
51 124 44
51 125 95
51 127 5
51 128 48
51 129 24
51 130 21
51 132 34
51 134 59
51 135 72
51 139 64
51 140 86
51 145 71
51 146 66
51 153 65
51 154 19
51 155 67
51 157 38
51 158 11
51 163 73
51 164 83
51 165 79
51 166 41
51 167 92
51 171 69
51 174 99
51 176 56
51 178 76
51 180 57
51 182 53
51 184 87
51 185 5
51 194 86
51 195 9
51 196 70
51 199 74
52 53 40
52 54 86
52 55 78
52 56 10
52 57 71
52 59 87
52 62 80
52 63 80
52 67 18
52 72 46
52 74 88
52 75 1
52 77 44
52 78 78
52 79 81
52 84 85
52 85 36
52 86 77
52 88 67
52 89 91
52 90 95
52 93 99
52 96 82
52 98 47
52 99 94
52 102 2
52 105 62
52 106 6
52 107 2
52 110 77
52 112 90
52 113 16
52 114 44
52 115 98
52 124 27
52 125 4
52 126 80
52 131 56
52 134 31
52 135 43
52 138 13
52 139 93
52 140 84
52 142 32
52 143 84
52 144 22
52 145 70
52 146 87
52 152 19
52 154 94
52 155 19
52 160 87
52 161 25
52 162 14
52 163 98
52 164 87
52 165 5
52 168 17
52 169 32
52 176 12
52 177 28
52 179 57
52 181 25
52 184 0
52 187 17
52 189 2
52 191 63
52 192 80
52 193 57
52 195 8
52 196 82
52 198 2
53 54 18
53 55 17
53 60 10
53 61 56
53 63 75
53 64 87
53 66 25
53 67 50
53 70 10
53 73 76
53 74 1
53 75 13
53 76 38
53 78 31
53 79 93
53 82 6
53 86 36
53 88 14
53 91 8
53 93 28
53 94 9
53 97 42
53 98 15
53 99 89
53 100 21
53 106 18
53 108 76
53 109 88
53 112 45
53 113 43
53 114 15
53 117 0
53 121 52
53 123 12
53 124 26
53 129 85
53 130 22
53 131 42
53 132 23
53 133 7
53 138 73
53 139 86
53 140 1
53 142 39
53 143 37
53 144 98
53 145 91
53 147 15
53 148 9
53 149 95
53 151 59
53 155 41
53 157 53
53 158 14
53 159 96
53 160 89
53 161 81
53 162 56
53 163 96
53 165 74
53 167 44
53 171 91
53 172 58
53 173 81
53 176 6
53 177 68
53 178 75
53 180 63
53 182 93
53 183 1
53 185 35
53 188 25
53 189 97
53 190 33
53 191 52
53 193 73
53 197 43
53 198 39
53 199 18
54 57 40
54 58 34
54 59 88
54 61 48
54 67 25
54 70 69
54 74 7
54 78 66
54 80 50
54 81 65
54 82 68
54 84 87
54 85 7
54 86 25
54 87 35
54 88 52
54 95 80
54 97 15
54 99 50
54 101 80
54 102 21
54 105 58
54 106 36
54 107 98
54 108 49
54 110 98
54 112 55
54 113 8
54 116 6
54 117 72
54 118 22
54 119 70
54 120 64
54 122 97
54 123 73
54 125 41
54 127 43
54 128 40
54 129 64
54 131 63
54 134 42
54 140 43
54 141 87
54 142 33
54 144 55
54 145 41
54 146 10
54 147 88
54 148 62
54 154 56
54 155 62
54 157 98
54 160 66
54 161 11
54 162 79
54 166 46
54 167 95
54 168 35
54 173 57
54 174 50
54 175 38
54 176 86
54 180 96
54 181 48
54 184 5
54 185 85
54 187 6
54 188 50
54 189 98
54 191 42
54 192 21
54 193 74
54 194 74
54 196 17
55 56 2
55 57 4
55 61 96
55 65 7
55 69 62
55 70 34
55 71 41
55 72 48
55 73 39
55 74 82
55 75 29
55 76 37
55 78 32
55 80 3
55 82 33
55 83 90
55 86 47
55 88 76
55 89 60
55 91 60
55 93 72
55 94 56
55 95 15
55 97 93
55 101 96
55 102 49
55 107 95
55 108 31
55 109 32
55 112 55
55 115 66
55 117 65
55 119 16
55 123 53
55 126 61
55 127 93
55 130 65
55 133 97
55 134 57
55 135 66
55 136 24
55 141 70
55 142 52
55 144 35
55 145 74
55 148 77
55 149 77
55 151 77
55 157 68
55 158 84
55 160 66
55 163 36
55 164 24
55 165 74
55 167 51
55 170 60
55 171 84
55 174 38
55 176 95
55 178 94
55 184 10
55 185 18
55 186 27
55 187 54
55 189 93
55 191 92
55 194 1
55 195 55
55 196 6
56 57 28
56 63 24
56 64 46
56 65 40
56 67 15
56 69 6
56 70 93
56 72 30
56 73 43
56 74 3
56 75 52
56 78 33
56 79 13
56 82 38
56 83 0
56 87 80
56 91 15
56 92 16
56 93 30
56 95 16
56 99 78
56 100 75
56 101 5
56 102 78
56 103 52
56 105 0
56 106 68
56 110 39
56 111 3
56 112 87
56 113 60
56 114 14
56 116 91
56 117 27
56 119 23
56 120 6
56 123 13
56 124 74
56 125 38
56 126 95
56 128 57
56 129 62
56 130 41
56 131 8
56 132 85
56 135 54
56 136 18
56 137 84
56 138 17
56 141 30
56 145 58
56 146 58
56 148 51
56 150 37
56 151 0
56 154 67
56 160 13
56 162 99
56 163 74
56 164 59
56 167 27
56 171 55
56 175 1
56 176 7
56 181 18
56 183 93
56 187 96
56 188 35
56 189 97
56 190 69
56 191 53
56 195 76
56 196 52
56 197 27
56 199 4
57 58 29
57 60 75
57 61 3
57 64 88
57 65 65
57 70 83
57 71 40
57 74 97
57 75 52
57 76 17
57 77 22
57 78 21
57 79 84
57 84 57
57 91 30
57 94 48
57 95 69
57 96 8
57 97 7
57 99 46
57 100 35
57 103 74
57 105 7
57 107 25
57 108 31
57 109 3
57 110 33
57 111 89
57 115 53
57 117 44
57 120 58
57 121 37
57 123 61
57 126 61
57 127 23
57 129 6
57 130 63
57 131 16
57 132 67
57 133 63
57 135 17
57 137 8
57 139 18
57 141 33
57 144 57
57 145 35
57 147 65
57 148 46
57 149 80
57 151 64
57 153 20
57 154 27
57 155 5
57 161 82
57 163 7
57 165 71
57 169 66
57 170 71
57 171 73
57 174 47
57 175 53
57 176 19
57 177 49
57 181 5
57 185 87
57 186 11
57 190 79
57 191 69
57 194 77
57 195 81
57 198 11
57 199 58
58 59 0
58 60 60
58 62 81
58 68 43
58 69 59
58 71 83
58 72 40
58 74 49
58 77 33
58 79 33
58 81 28
58 82 66
58 84 40
58 86 89
58 87 90
58 88 16
58 89 83
58 90 5
58 92 78
58 93 41
58 95 65
58 96 53
58 99 52
58 105 95
58 106 75
58 107 6
58 111 85
58 112 78
58 113 86
58 117 59
58 120 0
58 121 6
58 123 84
58 124 38
58 125 3
58 127 38
58 128 78
58 131 69
58 132 84
58 133 32
58 134 78
58 135 33
58 138 23
58 139 78
58 140 61
58 142 97
58 144 69
58 146 86
58 148 14
58 149 17
58 150 37
58 152 40
58 153 97
58 154 86
58 155 1
58 157 56
58 158 60
58 160 32
58 161 98
58 162 1
58 164 17
58 165 44
58 167 53
58 169 84
58 170 84
58 171 39
58 174 28
58 175 49
58 177 38
58 178 43
58 180 52
58 184 71
58 185 30
58 187 97
58 189 48
58 192 49
58 196 18
58 197 40
58 199 85
59 64 57
59 65 70
59 66 79
59 67 68
59 68 73
59 72 75
59 74 8
59 76 8
59 77 28
59 78 27
59 79 27
59 82 47
59 87 64
59 90 37
59 91 7
59 94 5
59 96 99
59 97 65
59 103 54
59 104 38
59 105 10
59 108 18
59 109 91
59 120 68
59 122 61
59 123 22
59 124 94
59 126 29
59 127 23
59 129 78
59 130 43
59 131 18
59 137 80
59 139 62
59 140 94
59 141 30
59 148 28
59 149 31
59 151 4
59 153 87
59 156 85
59 157 27
59 158 85
59 161 94
59 162 35
59 163 70
59 165 59
59 169 18
59 172 57
59 176 17
59 179 75
59 180 5
59 184 24
59 187 69
59 190 34
59 191 6
59 194 69
59 195 77
59 196 86
59 199 90
60 61 19
60 64 86
60 67 94
60 68 18
60 71 69
60 76 30
60 78 86
60 79 10
60 80 89
60 81 71
60 82 95
60 85 55
60 88 67
60 91 33
60 94 32
60 95 58
60 96 66
60 98 89
60 99 39
60 100 11
60 102 66
60 103 24
60 107 52
60 108 57
60 112 20
60 115 82
60 116 78
60 118 60
60 119 15
60 120 36
60 123 64
60 124 97
60 130 94
60 132 23
60 134 23
60 135 29
60 136 23
60 142 24
60 146 68
60 147 98
60 148 62
60 156 53
60 157 82
60 158 79
60 161 80
60 163 89
60 166 68
60 170 87
60 173 65
60 174 23
60 176 26
60 178 21
60 179 47
60 181 53
60 183 65
60 187 93
60 188 76
60 189 83
60 190 44
60 195 54
60 196 68
60 198 60
60 199 40
61 62 94
61 64 38
61 65 41
61 67 83
61 69 59
61 70 75
61 71 56
61 72 46
61 73 29
61 74 54
61 75 21
61 77 50
61 83 3
61 84 68
61 85 78
61 87 97
61 88 62
61 89 12
61 90 63
61 93 19
61 97 30
61 100 64
61 101 37
61 106 9
61 107 46
61 109 47
61 111 81
61 117 44
61 118 57
61 119 30
61 120 22
61 121 25
61 122 62
61 123 49
61 124 32
61 125 16
61 127 81
61 128 58
61 129 31
61 136 78
61 138 10
61 139 56
61 140 89
61 141 65
61 142 37
61 146 22
61 149 23
61 154 51
61 155 86
61 157 99
61 160 90
61 161 31
61 162 17
61 165 63
61 168 98
61 171 78
61 172 12
61 173 64
61 174 66
61 176 65
61 180 40
61 183 78
61 186 57
61 189 94
61 191 70
61 193 96
61 194 6
61 195 55
61 196 48
61 197 96
61 199 97
62 63 5
62 64 45
62 67 29
62 69 52
62 72 70
62 73 57
62 76 83
62 77 75
62 78 38
62 81 35
62 82 16
62 83 15
62 84 64
62 85 15
62 86 42
62 89 15
62 91 74
62 96 78
62 98 7
62 99 5
62 102 92
62 105 59
62 106 41
62 107 12
62 109 25
62 110 72
62 111 25
62 113 1
62 114 98
62 123 55
62 124 10
62 125 73
62 126 20
62 128 8
62 130 39
62 134 95
62 137 65
62 138 22
62 141 87
62 142 44
62 144 64
62 145 41
62 146 64
62 147 9
62 150 47
62 152 42
62 153 41
62 160 60
62 162 95
62 168 59
62 170 96
62 172 63
62 175 91
62 176 34
62 177 9
62 178 63
62 179 81
62 183 62
62 190 74
62 192 90
62 193 6
62 194 21
62 196 30
62 197 30
62 199 17
63 64 69
63 66 28
63 68 76
63 69 58
63 70 34
63 73 47
63 79 78
63 81 13
63 82 92
63 84 34
63 86 62
63 90 36
63 91 65
63 94 23
63 95 25
63 96 15
63 101 27
63 102 69
63 103 90
63 105 42
63 108 0
63 109 28
63 112 31
63 113 98
63 115 83
63 116 75
63 117 58
63 121 23
63 122 11
63 123 17
63 126 54
63 127 81
63 128 2
63 129 73
63 131 5
63 132 84
63 134 38
63 137 54
63 139 33
63 140 14
63 141 26
63 144 64
63 146 6
63 147 16
63 152 76
63 155 6
63 157 85
63 158 0
63 162 31
63 163 96
63 168 86
63 172 90
63 173 62
63 177 7
63 181 81
63 182 1
63 185 42
63 186 21
63 187 20
63 190 94
63 191 11
63 195 18
63 196 10
63 197 45
64 66 42
64 69 83
64 71 21
64 72 71
64 74 4
64 75 22
64 77 44
64 78 45
64 79 69
64 80 35
64 81 8
64 85 50
64 86 0
64 89 73
64 90 82
64 91 30
64 92 40
64 93 7
64 94 68
64 95 28
64 98 19
64 102 66
64 103 17
64 104 82
64 106 4
64 108 48
64 110 85
64 112 24
64 113 18
64 114 47
64 115 58
64 116 7
64 118 20
64 119 34
64 122 80
64 123 53
64 125 69
64 126 22
64 127 9
64 129 60
64 134 20
64 137 92
64 138 9
64 139 0
64 144 65
64 145 70
64 146 46
64 148 19
64 151 56
64 155 15
64 156 72
64 157 28
64 158 71
64 159 10
64 160 84
64 170 29
64 173 29
64 174 36
64 175 92
64 176 86
64 178 22
64 180 41
64 182 69
64 187 78
64 193 76
64 194 37
64 196 62
64 199 51
65 67 70
65 68 85
65 71 73
65 72 73
65 73 44
65 74 29
65 78 29
65 80 74
65 81 44
65 90 62
65 94 61
65 95 16
65 97 63
65 101 10
65 103 82
65 105 30
65 106 51
65 108 58
65 113 10
65 115 37
65 116 99
65 117 19
65 120 9
65 123 54
65 124 70
65 130 50
65 131 23
65 133 9
65 136 14
65 140 44
65 141 70
65 143 48
65 144 39
65 145 75
65 148 89
65 149 26
65 150 96
65 151 74
65 154 65
65 155 31
65 157 68
65 158 26
65 162 41
65 163 12
65 164 36
65 171 45
65 174 27
65 176 42
65 178 73
65 183 62
65 185 34
65 186 50
65 187 40
65 188 60
65 189 73
65 192 25
65 195 61
65 198 90
65 199 74
66 67 14
66 68 80
66 71 88
66 73 86
66 74 80
66 77 61
66 78 12
66 79 88
66 80 76
66 82 37
66 84 6
66 93 51
66 94 80
66 96 71
66 98 64
66 100 4
66 105 53
66 107 62
66 108 31
66 111 37
66 112 91
66 113 45
66 114 69
66 115 43
66 116 25
66 117 59
66 119 24
66 121 26
66 122 43
66 123 33
66 125 9
66 126 15
66 128 0
66 130 86
66 131 98
66 132 87
66 134 23
66 136 50
66 137 92
66 138 8
66 139 0
66 141 31
66 142 1
66 145 77
66 147 80
66 148 16
66 149 39
66 151 68
66 152 77
66 153 94
66 157 30
66 159 14
66 160 23
66 161 37
66 163 5
66 165 94
66 166 17
66 167 23
66 169 74
66 171 7
66 172 7
66 174 19
66 176 57
66 177 43
66 183 87
66 185 27
66 186 42
66 192 57
66 196 70
66 198 44
66 199 90
67 71 10
67 72 35
67 73 71
67 74 22
67 77 49
67 78 7
67 79 79
67 81 92
67 82 8
67 85 70
67 91 37
67 92 11
67 93 59
67 98 46
67 103 18
67 104 34
67 107 57
67 108 72
67 110 47
67 111 37
67 113 40
67 116 84
67 121 6
67 123 66
67 124 78
67 125 12
67 126 59
67 128 0
67 129 22
67 130 17
67 132 49
67 133 58
67 134 39
67 135 7
67 143 12
67 144 87
67 145 76
67 147 37
67 149 77
67 150 55
67 151 47
67 152 57
67 153 55
67 155 58
67 156 98
67 158 7
67 159 86
67 160 11
67 161 6
67 162 93
67 166 14
67 167 70
67 168 71
67 173 83
67 174 92
67 175 27
67 176 71
67 177 33
67 178 30
67 179 56
67 181 23
67 186 27
67 187 67
67 188 98
67 191 35
67 193 2
67 194 73
67 195 13
67 198 1
68 69 18
68 70 83
68 71 20
68 72 92
68 74 35
68 76 65
68 78 97
68 81 98
68 82 96
68 86 81
68 88 74
68 89 75
68 90 15
68 91 67
68 93 40
68 95 41
68 98 36
68 99 52
68 101 82
68 102 30
68 103 41
68 104 58
68 105 32
68 106 78
68 107 61
68 108 79
68 111 26
68 112 20
68 113 42
68 120 0
68 124 70
68 131 40
68 132 54
68 134 65
68 136 86
68 139 30
68 141 92
68 143 26
68 146 81
68 147 10
68 150 78
68 151 81
68 153 37
68 154 66
68 155 47
68 156 3
68 157 62
68 158 22
68 162 41
68 164 16
68 165 22
68 167 73
68 170 3
68 171 94
68 173 53
68 176 98
68 178 49
68 180 89
68 181 1
68 182 56
68 183 42
68 187 50
68 191 91
68 192 81
68 195 91
68 197 1
69 73 34
69 76 78
69 79 98
69 80 92
69 85 71
69 88 76
69 89 80
69 92 4
69 96 32
69 97 49
69 99 64
69 100 22
69 103 39
69 104 4
69 106 65
69 109 86
69 112 97
69 113 13
69 115 7
69 116 86
69 118 12
69 119 42
69 120 83
69 123 97
69 124 16
69 125 60
69 126 66
69 128 1
69 130 64
69 131 7
69 134 45
69 138 82
69 143 91
69 144 48
69 147 81
69 155 54
69 157 41
69 158 66
69 159 49
69 161 88
69 162 18
69 163 55
69 165 38
69 166 58
69 167 79
69 170 16
69 171 97
69 172 43
69 173 66
69 174 34
69 175 29
69 179 64
69 180 49
69 181 11
69 183 80
69 185 32
69 186 32
69 187 56
69 188 47
69 192 72
69 196 1
69 197 6
69 198 4
70 72 44
70 73 29
70 75 66
70 76 57
70 77 0
70 78 0
70 82 8
70 83 97
70 85 20
70 87 75
70 89 3
70 90 92
70 91 67
70 92 74
70 93 15
70 96 62
70 97 83
70 98 52
70 100 53
70 106 49
70 107 9
70 108 63
70 109 5
70 110 70
70 111 65
70 112 51
70 113 23
70 115 29
70 117 21
70 127 1
70 128 46
70 129 6
70 130 42
70 133 87
70 135 33
70 138 94
70 139 54
70 142 36
70 143 97
70 145 34
70 147 22
70 151 38
70 154 35
70 156 55
70 157 68
70 159 83
70 161 15
70 162 34
70 163 60
70 164 70
70 165 44
70 167 18
70 171 41
70 174 39
70 175 75
70 179 79
70 183 17
70 184 78
70 187 95
70 188 85
70 193 40
70 197 65
71 72 61
71 74 90
71 76 74
71 78 73
71 79 45
71 80 59
71 82 92
71 84 2
71 85 51
71 88 2
71 90 51
71 92 0
71 93 89
71 94 90
71 95 84
71 96 14
71 97 99
71 99 90
71 105 50
71 106 55
71 107 24
71 111 76
71 112 58
71 117 42
71 125 50
71 127 66
71 129 82
71 131 88
71 132 43
71 133 59
71 134 2
71 135 43
71 136 82
71 137 8
71 138 74
71 142 30
71 144 80
71 146 41
71 148 5
71 153 28
71 154 33
71 156 85
71 158 78
71 160 52
71 161 55
71 164 94
71 167 53
71 170 81
71 174 35
71 175 26
71 176 47
71 177 17
71 178 80
71 179 63
71 180 7
71 182 69
71 185 76
71 186 30
71 188 24
71 191 96
71 192 70
71 194 43
71 195 65
71 198 20
71 199 20
72 74 37
72 76 10
72 77 64
72 78 78
72 79 11
72 81 5
72 82 81
72 83 15
72 84 41
72 87 65
72 88 42
72 89 13
72 92 47
72 93 39
72 94 37
72 95 43
72 98 34
72 100 40
72 103 44
72 106 41
72 107 96
72 108 77
72 114 89
72 122 40
72 123 76
72 128 60
72 131 87
72 132 28
72 135 35
72 137 3
72 138 34
72 143 40
72 144 5
72 145 77
72 147 54
72 148 14
72 149 21
72 151 57
72 155 46
72 158 81
72 160 34
72 163 70
72 165 62
72 169 41
72 174 96
72 180 98
72 181 65
72 183 70
72 184 71
72 185 64
72 186 33
72 188 50
72 189 5
72 190 5
72 191 19
72 193 60
72 194 92
72 198 13
72 199 24
73 74 38
73 76 7
73 77 24
73 78 40
73 79 77
73 80 8
73 83 72
73 85 85
73 87 86
73 88 75
73 91 27
73 92 34
73 93 41
73 94 83
73 99 7
73 100 82
73 102 9
73 105 72
73 106 13
73 107 39
73 110 1
73 111 67
73 118 37
73 120 41
73 121 75
73 122 8
73 124 24
73 125 17
73 129 34
73 130 24
73 135 57
73 136 24
73 138 45
73 140 39
73 142 91
73 145 10
73 146 69
73 149 32
73 153 62
73 156 31
73 158 97
73 159 50
73 160 76
73 161 5
73 163 15
73 165 51
73 169 38
73 173 34
73 175 57
73 176 18
73 178 55
73 181 72
73 186 81
73 187 39
73 188 8
73 189 54
73 191 44
73 192 31
73 193 54
73 195 39
73 196 54
73 198 60
74 75 3
74 77 58
74 79 89
74 82 49
74 86 85
74 87 34
74 89 30
74 93 69
74 96 90
74 97 30
74 100 90
74 106 66
74 109 46
74 110 38
74 111 13
74 113 32
74 114 30
74 115 74
74 116 29
74 117 26
74 119 47
74 121 3
74 126 27
74 128 30
74 129 16
74 130 21
74 132 40
74 133 16
74 136 13
74 137 20
74 138 14
74 140 42
74 141 97
74 142 26
74 143 36
74 145 92
74 147 50
74 149 44
74 150 13
74 153 18
74 156 5
74 157 25
74 160 51
74 162 95
74 163 92
74 164 71
74 165 79
74 166 31
74 167 89
74 170 64
74 171 42
74 173 77
74 174 14
74 178 12
74 179 45
74 180 14
74 182 69
74 183 77
74 184 17
74 185 21
74 186 14
74 187 89
74 190 98
74 192 81
74 198 28
75 76 4
75 78 21
75 79 41
75 81 94
75 82 72
75 83 30
75 86 31
75 89 63
75 91 84
75 92 95
75 95 14
75 97 4
75 99 31
75 101 9
75 103 90
75 104 46
75 110 4
75 111 31
75 112 66
75 114 39
75 115 49
75 117 68
75 118 20
75 120 86
75 125 41
75 126 60
75 128 3
75 136 1
75 137 40
75 140 39
75 144 65
75 146 26
75 158 85
75 159 37
75 165 10
75 169 36
75 170 86
75 173 84
75 174 83
75 175 16
75 176 48
75 178 96
75 179 47
75 180 57
75 181 6
75 182 38
75 183 5
75 184 72
75 188 4
75 190 53
75 191 76
75 195 26
75 196 19
75 197 90
75 199 48
76 77 4
76 80 22
76 81 55
76 83 23
76 86 91
76 87 89
76 88 16
76 89 50
76 90 34
76 91 45
76 92 4
76 96 16
76 99 43
76 102 60
76 103 93
76 105 32
76 109 41
76 110 51
76 111 30
76 116 25
76 117 74
76 118 21
76 120 45
76 123 79
76 124 46
76 132 51
76 133 84
76 135 82
76 137 3
76 138 33
76 141 5
76 143 86
76 146 59
76 148 79
76 149 39
76 153 82
76 154 19
76 156 14
76 158 54
76 159 37
76 162 30
76 164 6
76 165 80
76 166 42
76 167 9
76 172 28
76 175 42
76 176 54
76 177 58
76 178 95
76 179 94
76 181 94
76 182 5
76 183 14
76 184 46
76 185 14
76 186 32
76 188 94
76 190 57
76 193 40
76 196 64
76 198 87
76 199 52
77 78 89
77 80 11
77 81 22
77 82 7
77 83 97
77 84 17
77 85 38
77 86 6
77 87 90
77 89 16
77 91 47
77 94 50
77 95 86
77 97 31
77 98 82
77 101 29
77 102 40
77 107 91
77 110 36
77 111 44
77 113 61
77 115 60
77 117 31
77 118 14
77 121 79
77 123 31
77 124 85
77 125 48
77 126 63
77 127 0
77 128 75
77 129 96
77 131 37
77 132 29
77 135 82
77 136 94
77 137 71
77 138 92
77 139 28
77 141 27
77 142 82
77 143 22
77 144 56
77 145 91
77 147 87
77 148 55
77 149 43
77 151 33
77 157 52
77 158 10
77 159 90
77 160 3
77 163 42
77 164 36
77 165 45
77 168 96
77 169 76
77 170 70
77 172 44
77 175 21
77 176 5
77 177 21
77 180 3
77 181 1
77 182 29
77 185 36
77 186 7
77 187 59
77 188 80
77 191 8
77 195 19
77 198 51
78 79 50
78 83 80
78 84 98
78 91 40
78 92 55
78 93 8
78 97 88
78 99 30
78 100 69
78 101 56
78 103 51
78 106 47
78 107 99
78 109 53
78 111 2
78 113 33
78 114 45
78 115 90
78 117 17
78 121 3
78 122 17
78 124 44
78 125 25
78 126 95
78 127 11
78 129 41
78 130 28
78 132 26
78 134 1
78 135 99
78 137 89
78 138 12
78 145 53
78 153 88
78 154 60
78 155 76
78 156 20
78 157 90
78 160 67
78 168 29
78 169 66
78 174 58
78 176 20
78 177 98
78 178 75
78 180 39
78 182 85
78 183 39
78 187 68
78 188 54
78 189 44
78 190 23
78 192 55
78 193 11
78 194 40
78 195 19
78 198 80
78 199 99
79 82 51
79 84 81
79 86 79
79 92 11
79 93 34
79 95 27
79 98 73
79 100 86
79 103 65
79 106 36
79 108 46
79 110 6
79 112 7
79 113 11
79 116 59
79 117 96
79 119 11
79 120 25
79 128 30
79 131 88
79 132 57
79 134 19
79 135 30
79 140 65
79 141 0
79 142 1
79 146 85
79 152 27
79 155 68
79 157 18
79 158 33
79 159 82
79 161 75
79 163 20
79 166 54
79 168 62
79 170 28
79 171 4
79 177 59
79 178 40
79 179 84
79 183 37
79 186 53
79 187 58
79 190 70
79 191 35
79 192 55
79 194 49
79 196 91
79 197 48
80 82 75
80 83 33
80 84 36
80 86 46
80 90 4
80 92 23
80 93 37
80 96 47
80 97 16
80 98 20
80 99 64
80 101 75
80 103 54
80 105 64
80 108 14
80 109 63
80 110 62
80 113 79
80 114 3
80 117 75
80 118 50
80 119 33
80 121 11
80 123 51
80 125 89
80 126 43
80 128 71
80 130 31
80 134 22
80 135 46
80 138 82
80 139 42
80 140 3
80 142 79
80 147 13
80 148 53
80 149 51
80 151 55
80 152 44
80 153 14
80 155 26
80 158 9
80 159 0
80 162 78
80 164 20
80 165 77
80 166 70
80 168 12
80 169 14
80 172 41
80 174 87
80 175 55
80 177 35
80 178 49
80 182 38
80 184 68
80 185 83
80 186 43
80 187 19
80 188 60
80 189 52
80 194 19
80 195 19
80 196 23
80 199 51
81 84 89
81 86 58
81 87 16
81 89 94
81 94 99
81 95 11
81 98 73
81 99 63
81 103 10
81 106 41
81 107 71
81 108 33
81 109 89
81 110 84
81 111 11
81 113 7
81 115 99
81 116 81
81 117 72
81 118 13
81 120 66
81 121 13
81 122 48
81 123 0
81 124 92
81 127 53
81 132 84
81 139 74
81 143 86
81 147 29
81 150 41
81 152 98
81 153 36
81 154 59
81 155 6
81 157 26
81 158 15
81 159 1
81 160 39
81 161 61
81 162 51
81 165 90
81 166 40
81 168 94
81 170 23
81 171 94
81 174 89
81 176 1
81 178 96
81 179 39
81 180 73
81 181 70
81 184 30
81 185 95
81 187 80
81 190 82
81 193 37
81 194 52
81 199 63
82 84 29
82 87 99
82 89 86
82 90 94
82 91 22
82 92 50
82 93 39
82 95 29
82 97 36
82 98 83
82 99 76
82 101 52
82 103 91
82 104 49
82 105 35
82 106 37
82 107 49
82 108 77
82 110 30
82 111 26
82 113 71
82 115 0
82 116 2
82 117 62
82 118 12
82 119 60
82 120 64
82 122 99
82 124 83
82 125 76
82 126 58
82 129 76
82 131 74
82 132 82
82 134 83
82 141 48
82 142 87
82 143 59
82 144 49
82 146 28
82 147 92
82 149 11
82 150 34
82 151 17
82 154 9
82 156 66
82 157 37
82 158 73
82 159 78
82 163 2
82 164 64
82 166 36
82 168 76
82 170 16
82 171 16
82 172 6
82 176 68
82 179 79
82 180 70
82 182 7
82 184 91
82 185 16
82 187 63
82 190 16
82 191 49
82 192 91
82 198 1
83 85 81
83 87 69
83 88 73
83 95 51
83 97 4
83 99 42
83 100 56
83 101 74
83 102 7
83 104 83
83 105 4
83 107 72
83 108 5
83 114 13
83 119 10
83 120 80
83 122 0
83 123 54
83 124 44
83 125 60
83 126 36
83 129 97
83 133 40
83 134 58
83 136 56
83 143 57
83 148 11
83 153 14
83 154 99
83 156 52
83 157 68
83 158 53
83 159 21
83 160 87
83 161 50
83 163 79
83 164 93
83 169 5
83 170 40
83 173 70
83 176 48
83 178 88
83 183 79
83 185 14
83 188 72
83 189 49
83 192 65
83 194 63
83 196 76
83 199 1
84 87 67
84 90 90
84 91 71
84 92 70
84 96 82
84 100 0
84 101 77
84 105 7
84 111 83
84 112 46
84 113 9
84 114 21
84 115 37
84 117 41
84 118 75
84 123 20
84 124 71
84 126 14
84 128 23
84 135 81
84 137 44
84 138 89
84 139 48
84 140 43
84 144 63
84 145 52
84 146 25
84 147 25
84 148 57
84 149 72
84 151 33
84 152 95
84 153 36
84 154 41
84 155 27
84 157 89
84 158 90
84 160 94
84 161 2
84 163 82
84 165 23
84 167 94
84 168 83
84 173 74
84 176 12
84 178 93
84 180 37
84 183 1
84 184 72
84 189 51
84 190 99
84 191 51
84 192 50
84 196 72
84 197 67
85 86 65
85 87 26
85 94 98
85 95 96
85 99 2
85 102 13
85 105 21
85 107 89
85 108 31
85 109 35
85 110 3
85 112 68
85 113 91
85 114 93
85 115 86
85 117 36
85 118 51
85 121 65
85 122 8
85 126 93
85 130 37
85 131 85
85 133 68
85 134 20
85 135 72
85 137 97
85 138 52
85 139 62
85 143 84
85 146 33
85 149 29
85 151 69
85 155 69
85 157 16
85 158 22
85 161 48
85 165 98
85 166 59
85 168 87
85 170 12
85 171 23
85 173 16
85 174 23
85 175 96
85 176 66
85 178 31
85 179 48
85 181 0
85 182 70
85 183 50
85 184 25
85 185 92
85 187 50
85 188 37
85 189 38
85 191 15
85 193 61
85 195 2
85 196 26
85 197 3
85 198 59
86 87 55
86 88 82
86 89 87
86 91 57
86 92 94
86 101 54
86 103 70
86 108 60
86 110 93
86 111 14
86 117 82
86 118 27
86 120 75
86 121 0
86 124 80
86 125 23
86 126 16
86 128 91
86 129 15
86 131 41
86 132 43
86 134 87
86 135 7
86 136 95
86 137 75
86 139 2
86 142 60
86 145 9
86 146 28
86 147 3
86 148 79
86 150 27
86 152 61
86 155 19
86 156 72
86 157 21
86 159 19
86 160 97
86 161 47
86 163 86
86 164 64
86 167 92
86 172 15
86 173 90
86 174 43
86 179 1
86 180 90
86 187 84
86 191 85
86 192 17
86 193 17
86 194 62
86 195 44
86 196 51
87 90 5
87 92 64
87 94 42
87 97 65
87 98 13
87 99 18
87 105 22
87 106 41
87 107 62
87 108 71
87 109 87
87 112 14
87 114 46
87 115 73
87 116 58
87 118 48
87 119 80
87 120 85
87 121 37
87 124 74
87 127 94
87 128 67
87 133 57
87 135 45
87 137 38
87 139 58
87 140 21
87 142 82
87 143 57
87 144 23
87 146 24
87 147 48
87 148 83
87 149 67
87 154 34
87 156 15
87 160 85
87 161 92
87 164 65
87 165 11
87 167 50
87 171 63
87 172 39
87 173 91
87 174 91
87 176 72
87 181 90
87 184 39
87 186 82
87 191 74
87 192 53
87 194 87
87 196 11
87 199 60
88 91 70
88 94 79
88 97 67
88 99 83
88 100 66
88 103 51
88 104 80
88 105 9
88 106 36
88 107 6
88 109 96
88 110 37
88 113 83
88 114 5
88 115 70
88 116 16
88 119 69
88 120 9
88 121 64
88 122 35
88 124 85
88 125 2
88 127 71
88 130 42
88 131 74
88 134 62
88 136 94
88 137 77
88 138 84
88 140 98
88 143 31
88 144 76
88 152 91
88 153 23
88 154 44
88 162 58
88 163 37
88 165 23
88 166 9
88 167 73
88 168 72
88 172 31
88 173 56
88 178 78
88 180 67
88 182 9
88 183 86
88 184 59
88 185 58
88 187 76
88 189 0
88 190 54
88 191 76
88 192 57
88 193 3
88 196 25
88 197 7
89 93 50
89 94 68
89 96 43
89 97 61
89 100 26
89 103 25
89 104 89
89 105 70
89 106 51
89 107 27
89 108 17
89 109 54
89 111 13
89 112 74
89 113 41
89 114 16
89 115 20
89 116 89
89 117 11
89 120 44
89 123 74
89 125 89
89 130 79
89 131 12
89 134 70
89 140 88
89 141 86
89 142 19
89 144 47
89 145 40
89 146 74
89 149 44
89 150 79
89 151 69
89 152 89
89 155 30
89 156 3
89 161 58
89 162 69
89 163 1
89 167 60
89 169 10
89 170 68
89 171 74
89 173 7
89 175 69
89 176 53
89 178 15
89 184 43
89 192 38
89 193 39
89 194 30
89 196 99
89 198 95
89 199 93
90 91 41
90 93 2
90 95 61
90 96 66
90 97 56
90 98 93
90 99 98
90 101 65
90 102 25
90 105 27
90 106 96
90 110 6
90 115 99
90 118 26
90 119 20
90 123 10
90 124 76
90 126 69
90 127 82
90 128 49
90 132 0
90 133 14
90 134 5
90 135 99
90 136 2
90 141 12
90 142 11
90 143 30
90 145 56
90 147 68
90 149 75
90 151 16
90 152 57
90 155 23
90 156 48
90 158 20
90 160 62
90 161 54
90 162 58
90 163 80
90 164 45
90 166 16
90 168 93
90 169 71
90 170 0
90 175 74
90 178 45
90 179 92
90 183 99
90 184 9
90 187 98
90 188 46
90 189 65
90 190 38
90 191 86
90 193 9
90 197 99
90 198 6
90 199 80
91 93 54
91 94 73
91 95 0
91 102 14
91 104 79
91 105 51
91 107 14
91 108 25
91 111 74
91 115 14
91 116 88
91 120 4
91 122 44
91 124 7
91 129 76
91 130 31
91 134 66
91 136 37
91 137 54
91 144 67
91 146 50
91 147 56
91 150 19
91 153 92
91 157 11
91 158 58
91 159 56
91 161 59
91 165 5
91 167 50
91 170 10
91 171 7
91 172 84
91 173 29
91 175 1
91 177 46
91 178 30
91 179 22
91 182 73
91 184 28
91 186 76
91 187 93
91 188 76
91 189 74
91 193 49
91 196 63
91 198 72
92 93 60
92 94 99
92 97 2
92 98 95
92 102 20
92 103 20
92 104 8
92 107 69
92 108 85
92 109 6
92 110 96
92 111 7
92 112 28
92 113 38
92 115 88
92 116 29
92 117 55
92 121 25
92 122 28
92 123 57
92 127 31
92 129 92
92 134 66
92 138 20
92 139 39
92 141 97
92 142 81
92 151 22
92 153 88
92 154 9
92 155 39
92 157 98
92 159 65
92 161 2
92 164 86
92 165 36
92 166 53
92 168 19
92 170 27
92 171 46
92 172 89
92 173 49
92 176 27
92 177 18
92 178 90
92 179 45
92 181 75
92 182 82
92 183 24
92 185 55
92 187 90
92 188 84
92 189 64
92 191 56
92 193 83
92 194 24
92 196 52
92 197 50
92 199 41
93 95 4
93 96 41
93 97 82
93 99 13
93 100 2
93 101 14
93 102 46
93 103 12
93 105 39
93 107 17
93 110 37
93 113 54
93 114 76
93 115 11
93 120 84
93 122 31
93 124 4
93 125 65
93 126 31
93 128 74
93 130 76
93 131 28
93 132 84
93 135 30
93 136 17
93 137 77
93 142 4
93 143 42
93 144 41
93 145 57
93 146 73
93 150 58
93 152 75
93 153 43
93 155 4
93 157 24
93 158 39
93 162 62
93 165 39
93 170 69
93 171 59
93 172 40
93 173 66
93 177 88
93 178 23
93 179 98
93 181 48
93 185 27
93 187 44
93 188 94
93 199 97
94 99 50
94 100 39
94 101 6
94 102 45
94 103 47
94 106 54
94 107 67
94 108 37
94 112 58
94 114 92
94 118 57
94 121 17
94 124 25
94 125 14
94 126 97
94 130 13
94 131 18
94 134 69
94 138 8
94 139 40
94 140 16
94 141 47
94 142 49
94 145 93
94 147 42
94 148 40
94 149 64
94 157 9
94 158 96
94 163 93
94 165 54
94 166 56
94 167 8
94 168 54
94 169 16
94 171 2
94 173 52
94 174 32
94 175 66
94 176 97
94 179 67
94 182 13
94 183 24
94 187 67
94 190 5
94 191 24
94 192 28
94 194 75
94 195 67
94 196 17
94 198 33
95 96 30
95 98 85
95 99 98
95 102 41
95 103 33
95 109 61
95 110 55
95 111 35
95 112 3
95 114 48
95 115 3
95 118 58
95 120 23
95 121 18
95 122 34
95 124 95
95 128 47
95 129 86
95 130 41
95 131 62
95 132 75
95 135 75
95 138 76
95 139 85
95 140 37
95 143 69
95 144 31
95 148 3
95 149 45
95 150 82
95 153 0
95 156 45
95 158 27
95 159 96
95 164 49
95 165 46
95 166 33
95 167 66
95 172 48
95 175 66
95 176 26
95 178 53
95 179 26
95 181 62
95 183 1
95 184 91
95 186 71
95 187 63
95 194 1
95 197 59
95 198 92
95 199 84
96 97 70
96 99 84
96 100 92
96 101 62
96 104 98
96 108 79
96 109 97
96 111 66
96 113 58
96 114 97
96 116 29
96 117 77
96 121 0
96 122 5
96 123 1
96 125 41
96 128 65
96 133 99
96 135 30
96 138 91
96 140 47
96 141 51
96 142 57
96 144 37
96 148 14
96 149 90
96 152 64
96 154 50
96 156 63
96 157 18
96 158 49
96 159 76
96 162 88
96 167 32
96 169 40
96 171 59
96 172 21
96 176 64
96 177 20
96 179 76
96 181 88
96 184 32
96 185 96
96 186 81
96 187 3
96 189 76
96 191 76
96 192 71
96 195 18
97 98 96
97 99 22
97 100 84
97 101 20
97 102 31
97 103 68
97 106 22
97 108 78
97 109 61
97 111 63
97 115 64
97 116 79
97 119 59
97 120 66
97 121 47
97 122 89
97 123 59
97 124 4
97 135 55
97 141 42
97 143 45
97 145 70
97 147 49
97 149 18
97 151 3
97 152 78
97 153 66
97 154 73
97 155 81
97 158 65
97 160 54
97 162 39
97 168 56
97 172 45
97 178 10
97 179 39
97 183 7
97 184 40
97 186 36
97 187 5
97 189 9
97 190 0
97 192 69
97 193 40
97 194 91
98 99 69
98 101 39
98 102 17
98 103 89
98 107 28
98 108 84
98 111 13
98 112 95
98 114 36
98 121 63
98 122 46
98 125 52
98 126 39
98 127 89
98 128 61
98 132 42
98 139 83
98 140 36
98 141 94
98 144 65
98 145 98
98 147 6
98 150 98
98 151 95
98 153 53
98 154 63
98 156 16
98 158 24
98 160 81
98 162 51
98 164 56
98 166 96
98 167 77
98 170 88
98 172 30
98 173 71
98 174 4
98 176 56
98 177 87
98 180 40
98 182 63
98 183 12
98 185 96
98 187 11
98 189 6
98 192 66
98 195 24
98 196 59
98 199 60
99 101 86
99 102 77
99 103 77
99 104 30
99 107 30
99 109 52
99 112 74
99 113 93
99 115 6
99 116 62
99 118 86
99 119 40
99 121 36
99 124 22
99 125 60
99 131 7
99 133 12
99 135 10
99 136 74
99 137 61
99 139 94
99 140 13
99 141 30
99 144 41
99 147 17
99 151 52
99 152 67
99 153 63
99 154 20
99 155 30
99 158 34
99 159 16
99 160 23
99 162 39
99 163 89
99 164 64
99 165 34
99 166 56
99 167 10
99 169 9
99 170 24
99 172 16
99 173 44
99 176 41
99 178 43
99 179 83
99 180 73
99 182 48
99 187 20
99 189 87
99 190 46
99 194 97
99 199 25
100 102 26
100 103 61
100 106 7
100 109 84
100 110 3
100 111 7
100 114 22
100 116 74
100 118 54
100 120 82
100 124 2
100 127 37
100 128 32
100 130 40
100 132 40
100 135 63
100 136 21
100 138 3
100 142 76
100 143 63
100 144 6
100 147 39
100 150 83
100 152 34
100 153 68
100 154 16
100 155 16
100 156 82
100 158 95
100 160 81
100 163 81
100 165 66
100 166 45
100 169 87
100 171 17
100 172 21
100 173 97
100 174 98
100 177 29
100 178 49
100 179 13
100 181 41
100 182 61
100 184 66
100 185 91
100 187 34
100 188 47
100 193 94
100 194 58
100 195 57
100 196 5
100 197 81
100 198 5
100 199 65
101 103 65
101 105 71
101 106 2
101 107 52
101 108 12
101 110 79
101 112 79
101 114 69
101 119 82
101 120 39
101 122 79
101 125 54
101 126 4
101 127 62
101 128 97
101 129 76
101 132 18
101 133 87
101 135 76
101 144 27
101 145 33
101 146 37
101 147 27
101 149 18
101 151 72
101 152 0
101 154 61
101 156 54
101 160 74
101 161 51
101 164 43
101 166 45
101 167 43
101 168 88
101 169 8
101 172 43
101 173 0
101 175 65
101 176 4
101 178 80
101 180 98
101 181 16
101 185 48
101 190 81
101 191 86
101 193 0
101 195 68
101 196 50
101 197 22
101 198 34
101 199 23
102 104 29
102 105 30
102 107 77
102 108 97
102 109 87
102 111 47
102 114 4
102 117 68
102 118 38
102 120 3
102 121 48
102 124 42
102 128 18
102 130 79
102 131 32
102 133 67
102 135 57
102 136 85
102 140 96
102 141 38
102 142 44
102 143 90
102 145 82
102 147 19
102 150 7
102 153 17
102 154 79
102 156 63
102 158 10
102 159 4
102 161 60
102 164 34
102 165 43
102 168 72
102 170 72
102 171 99
102 173 44
102 174 98
102 176 46
102 178 29
102 179 43
102 185 84
102 186 91
102 187 70
102 188 99
102 191 18
102 196 10
103 105 51
103 109 56
103 110 99
103 114 13
103 117 51
103 121 69
103 126 77
103 127 44
103 129 28
103 130 47
103 131 35
103 134 81
103 135 21
103 136 49
103 137 68
103 138 65
103 140 63
103 143 34
103 147 44
103 150 2
103 152 20
103 153 2
103 154 50
103 155 55
103 157 40
103 159 90
103 160 63
103 161 78
103 163 76
103 164 2
103 168 43
103 169 90
103 170 7
103 171 8
103 173 72
103 174 24
103 175 8
103 176 78
103 178 95
103 181 19
103 182 17
103 189 82
103 190 20
103 192 0
103 196 64
103 198 47
103 199 84
104 105 64
104 111 32
104 113 26
104 115 47
104 118 83
104 119 60
104 120 51
104 121 55
104 122 16
104 124 9
104 125 72
104 126 20
104 127 50
104 128 68
104 129 18
104 132 64
104 134 40
104 135 43
104 140 53
104 141 70
104 145 85
104 146 4
104 147 79
104 148 87
104 149 86
104 150 36
104 151 91
104 153 74
104 156 75
104 157 15
104 164 49
104 166 88
104 168 8
104 172 70
104 173 12
104 177 52
104 181 75
104 182 1
104 184 89
104 186 21
104 190 65
104 193 42
104 194 61
105 106 81
105 107 3
105 108 76
105 110 35
105 111 48
105 112 91
105 113 74
105 114 12
105 118 14
105 119 91
105 123 12
105 124 37
105 127 34
105 128 71
105 129 79
105 131 58
105 132 91
105 133 71
105 135 45
105 136 11
105 137 59
105 138 65
105 140 72
105 142 52
105 143 45
105 144 27
105 147 0
105 153 49
105 154 50
105 156 96
105 158 42
105 159 36
105 161 4
105 164 51
105 165 44
105 168 19
105 169 58
105 172 1
105 175 30
105 178 15
105 180 8
105 181 53
105 182 22
105 183 20
105 186 60
105 187 85
105 189 30
105 191 74
105 193 96
105 197 23
106 107 80
106 108 51
106 109 44
106 110 17
106 112 23
106 113 41
106 115 87
106 116 66
106 118 27
106 119 32
106 123 24
106 124 71
106 128 30
106 130 69
106 131 45
106 135 75
106 138 84
106 139 28
106 142 27
106 145 31
106 147 50
106 148 80
106 150 26
106 151 60
106 153 61
106 155 83
106 160 43
106 162 74
106 167 11
106 171 31
106 176 90
106 180 26
106 181 19
106 182 46
106 183 18
106 185 27
106 186 11
106 187 6
106 192 64
106 193 97
106 195 2
106 197 39
106 198 23
107 109 75
107 110 6
107 111 23
107 113 99
107 114 71
107 119 87
107 120 8
107 122 40
107 123 37
107 130 43
107 131 40
107 132 2
107 133 63
107 134 81
107 136 84
107 139 76
107 141 53
107 142 86
107 146 43
107 147 90
107 152 43
107 156 64
107 157 23
107 160 47
107 161 10
107 164 5
107 170 53
107 172 32
107 173 74
107 177 29
107 178 5
107 179 55
107 180 58
107 181 33
107 182 31
107 183 10
107 184 82
107 187 25
107 188 31
107 189 39
107 190 68
107 191 47
107 192 42
107 194 9
107 195 24
107 196 0
107 197 27
107 198 74
107 199 79
108 110 79
108 111 44
108 113 23
108 115 89
108 117 0
108 119 46
108 120 50
108 121 6
108 122 44
108 123 50
108 125 96
108 127 44
108 128 41
108 130 49
108 131 36
108 134 19
108 137 69
108 140 12
108 143 90
108 144 33
108 146 16
108 147 35
108 148 69
108 149 64
108 150 91
108 151 0
108 152 28
108 154 59
108 155 28
108 158 14
108 160 68
108 163 54
108 166 99
108 168 84
108 170 57
108 172 12
108 177 51
108 178 61
108 179 76
108 180 4
108 183 15
108 186 77
108 187 1
108 188 37
108 191 75
108 193 6
108 194 8
108 195 6
108 197 68
109 110 93
109 111 57
109 112 1
109 114 24
109 115 63
109 116 39
109 117 95
109 122 24
109 127 74
109 129 1
109 132 91
109 136 70
109 137 77
109 138 45
109 141 22
109 142 70
109 143 97
109 146 63
109 150 1
109 152 74
109 157 89
109 158 22
109 162 50
109 166 34
109 167 85
109 168 19
109 169 31
109 170 79
109 174 19
109 177 23
109 179 0
109 180 47
109 181 39
109 187 14
109 188 81
109 189 62
109 191 0
109 192 34
109 195 13
109 198 96
110 113 65
110 116 9
110 117 89
110 119 34
110 123 53
110 125 57
110 127 5
110 128 19
110 129 47
110 134 20
110 135 64
110 136 59
110 137 98
110 138 2
110 141 78
110 146 96
110 147 79
110 151 13
110 154 26
110 156 39
110 158 42
110 159 61
110 160 44
110 161 74
110 162 11
110 164 27
110 172 89
110 177 2
110 182 5
110 183 4
110 184 93
110 186 66
110 187 66
110 188 0
110 190 14
110 192 14
110 193 50
110 195 72
110 196 89
110 197 83
110 199 11
111 113 0
111 116 36
111 121 14
111 122 20
111 124 9
111 125 67
111 127 30
111 128 94
111 129 81
111 130 54
111 133 35
111 134 19
111 137 4
111 140 31
111 141 10
111 145 92
111 147 99
111 148 97
111 150 89
111 151 16
111 152 47
111 155 29
111 157 36
111 162 46
111 164 30
111 167 29
111 168 1
111 169 16
111 170 56
111 172 91
111 173 44
111 174 97
111 175 52
111 177 29
111 181 92
111 182 32
111 183 78
111 186 92
111 187 50
111 189 14
111 191 70
111 192 2
111 193 79
111 197 94
111 198 5
111 199 0
112 119 41
112 120 84
112 121 40
112 124 96
112 126 7
112 127 85
112 129 25
112 130 3
112 131 82
112 133 7
112 134 57
112 135 97
112 136 64
112 138 51
112 139 86
112 145 92
112 147 48
112 150 1
112 151 61
112 155 0
112 157 16
112 161 92
112 162 59
112 163 19
112 166 43
112 171 74
112 173 81
112 177 26
112 179 25
112 181 21
112 187 39
112 188 14
112 193 45
112 194 64
112 195 60
112 197 97
113 114 83
113 120 62
113 121 50
113 123 12
113 124 24
113 125 0
113 126 80
113 129 74
113 131 95
113 132 99
113 136 12
113 141 3
113 145 53
113 146 73
113 153 30
113 157 22
113 162 98
113 166 22
113 168 18
113 173 89
113 176 23
113 177 12
113 179 37
113 183 2
113 185 20
113 186 18
113 191 10
113 192 70
113 195 48
113 196 8
114 115 37
114 118 26
114 119 20
114 122 27
114 123 52
114 126 23
114 130 58
114 132 43
114 135 52
114 139 26
114 143 55
114 144 78
114 145 94
114 148 65
114 149 66
114 150 15
114 151 3
114 152 5
114 153 37
114 154 73
114 157 34
114 160 53
114 161 88
114 163 26
114 164 14
114 165 50
114 166 38
114 167 97
114 168 22
114 169 2
114 170 85
114 172 90
114 175 50
114 176 9
114 177 4
114 179 62
114 183 40
114 186 55
114 187 52
114 189 27
114 191 11
114 196 36
114 198 74
114 199 96
115 117 99
115 120 11
115 124 18
115 126 79
115 127 29
115 131 55
115 132 61
115 136 0
115 138 92
115 143 34
115 144 48
115 147 0
115 148 48
115 150 33
115 152 80
115 153 41
115 156 8
115 159 26
115 160 11
115 164 86
115 166 98
115 167 77
115 168 96
115 171 3
115 172 60
115 176 53
115 180 89
115 181 76
115 183 46
115 184 62
115 186 96
115 187 17
115 188 10
115 189 3
115 193 18
115 197 94
115 198 70
115 199 30
116 117 63
116 118 71
116 119 67
116 120 86
116 123 21
116 126 27
116 131 34
116 132 48
116 136 39
116 137 14
116 138 45
116 139 39
116 140 45
116 141 75
116 143 87
116 149 57
116 150 19
116 152 74
116 154 45
116 156 91
116 158 35
116 163 5
116 166 73
116 169 19
116 170 93
116 175 78
116 176 90
116 182 5
116 184 32
116 185 61
116 187 65
116 192 21
116 194 48
116 197 52
116 199 71
117 118 40
117 119 90
117 120 55
117 121 57
117 123 2
117 125 31
117 128 0
117 129 25
117 131 64
117 132 45
117 133 63
117 135 59
117 136 38
117 138 45
117 140 35
117 141 82
117 142 32
117 143 90
117 144 11
117 145 41
117 146 58
117 148 29
117 149 48
117 150 76
117 151 76
117 152 0
117 154 65
117 155 6
117 158 95
117 161 55
117 162 89
117 163 10
117 164 53
117 166 45
117 168 10
117 171 53
117 172 85
117 173 60
117 174 4
117 176 31
117 178 47
117 179 13
117 180 40
117 181 66
117 182 26
117 185 72
117 187 85
117 189 70
117 190 80
117 191 45
117 193 76
117 194 23
117 197 30
117 198 17
117 199 21
118 120 81
118 121 78
118 127 12
118 129 1
118 130 25
118 131 81
118 133 89
118 135 62
118 137 17
118 138 70
118 140 19
118 141 14
118 143 64
118 144 89
118 145 74
118 148 66
118 149 56
118 151 88
118 152 21
118 153 74
118 155 97
118 156 21
118 157 74
118 158 22
118 160 12
118 161 17
118 162 36
118 165 8
118 171 84
118 173 23
118 175 11
118 180 29
118 182 50
118 183 45
118 186 13
118 191 37
118 192 96
118 194 91
118 197 37
118 198 83
119 120 27
119 123 82
119 124 20
119 125 83
119 127 95
119 128 33
119 129 77
119 131 26
119 133 70
119 135 94
119 136 89
119 138 36
119 141 98
119 142 84
119 145 36
119 148 32
119 149 88
119 152 70
119 155 37
119 156 80
119 160 9
119 161 5
119 162 64
119 163 72
119 166 26
119 168 78
119 170 93
119 176 95
119 177 69
119 179 56
119 180 87
119 182 28
119 184 36
119 187 64
119 188 95
119 190 88
119 191 15
119 192 70
119 195 64
119 196 10
119 197 13
119 198 34
120 121 57
120 122 13
120 124 85
120 125 83
120 126 71
120 130 26
120 131 53
120 132 71
120 133 92
120 134 52
120 135 56
120 136 8
120 141 22
120 143 33
120 144 45
120 145 41
120 147 49
120 150 48
120 156 15
120 159 1
120 160 88
120 161 55
120 164 10
120 165 17
120 169 91
120 170 11
120 171 37
120 172 41
120 175 9
120 176 50
120 177 6
120 180 10
120 181 74
120 183 14
120 184 94
120 185 49
120 186 97
120 188 8
120 189 53
120 191 86
120 194 20
120 196 92
120 197 65
121 122 40
121 124 66
121 125 36
121 126 75
121 130 59
121 131 67
121 132 24
121 134 19
121 136 53
121 138 62
121 142 11
121 143 85
121 148 61
121 149 96
121 150 11
121 152 25
121 154 47
121 155 19
121 156 58
121 157 56
121 158 69
121 160 11
121 162 25
121 164 25
121 166 9
121 167 96
121 171 33
121 173 89
121 174 4
121 178 10
121 179 80
121 180 35
121 182 54
121 183 87
121 185 70
121 186 5
121 187 67
121 188 30
121 189 2
121 191 4
121 192 32
121 194 4
121 195 34
121 199 8
122 124 20
122 128 64
122 140 80
122 142 12
122 143 16
122 144 43
122 145 80
122 146 35
122 148 67
122 150 24
122 156 32
122 158 56
122 159 34
122 162 14
122 163 96
122 165 88
122 166 53
122 167 14
122 168 5
122 170 83
122 171 51
122 172 63
122 174 13
122 179 6
122 181 56
122 183 83
122 185 40
122 186 94
122 187 95
122 188 23
122 191 94
122 193 91
122 194 34
122 195 13
122 198 59
122 199 51
123 127 58
123 128 4
123 130 70
123 132 44
123 133 62
123 134 37
123 136 98
123 138 28
123 140 18
123 142 46
123 144 7
123 152 48
123 155 69
123 156 79
123 157 44
123 159 18
123 160 78
123 161 20
123 162 29
123 164 20
123 165 36
123 166 97
123 168 15
123 171 92
123 174 6
123 175 86
123 176 63
123 180 23
123 182 84
123 183 62
123 185 38
123 187 35
123 190 71
123 192 78
123 193 20
123 194 54
123 197 3
123 199 10
124 126 27
124 127 36
124 128 7
124 129 29
124 130 77
124 131 39
124 133 96
124 134 85
124 136 90
124 138 13
124 139 64
124 144 72
124 145 98
124 146 99
124 148 46
124 149 46
124 150 4
124 154 35
124 155 96
124 164 52
124 165 19
124 166 7
124 167 8
124 168 30
124 172 28
124 181 78
124 185 43
124 186 54
124 187 95
124 190 78
124 192 1
124 195 62
124 197 88
124 199 77
125 127 28
125 129 33
125 130 6
125 133 33
125 135 76
125 136 62
125 137 10
125 138 30
125 139 31
125 141 36
125 142 91
125 143 44
125 144 78
125 147 89
125 149 13
125 152 17
125 153 92
125 154 21
125 158 59
125 161 45
125 162 90
125 165 44
125 166 48
125 167 38
125 169 71
125 171 92
125 173 1
125 178 99
125 180 97
125 183 50
125 185 76
125 186 71
125 187 47
125 189 19
125 192 78
125 193 62
125 194 56
125 195 50
125 199 19
126 127 73
126 128 18
126 129 1
126 132 53
126 134 84
126 135 46
126 137 96
126 138 22
126 139 55
126 140 60
126 141 69
126 143 84
126 144 78
126 145 62
126 147 77
126 149 21
126 151 10
126 152 12
126 154 34
126 155 32
126 158 77
126 159 94
126 162 13
126 164 80
126 167 9
126 168 37
126 169 74
126 170 45
126 171 88
126 172 76
126 173 5
126 174 61
126 177 42
126 178 92
126 179 28
126 181 72
126 182 3
126 183 31
126 184 32
126 186 25
126 187 27
126 191 25
126 192 74
126 195 8
126 196 49
126 198 70
126 199 9
127 128 79
127 129 85
127 131 53
127 132 69
127 133 23
127 135 45
127 136 55
127 137 95
127 138 74
127 139 22
127 142 78
127 143 46
127 146 52
127 148 31
127 150 37
127 152 48
127 153 56
127 154 19
127 162 69
127 163 83
127 164 53
127 167 85
127 168 90
127 170 45
127 171 96
127 173 68
127 174 55
127 175 27
127 176 13
127 177 81
127 178 12
127 179 1
127 181 27
127 183 36
127 184 88
127 189 15
127 197 48
128 129 39
128 130 43
128 131 25
128 132 57
128 133 68
128 134 38
128 135 3
128 136 23
128 137 42
128 138 98
128 139 80
128 141 55
128 142 83
128 144 5
128 145 46
128 148 27
128 151 13
128 152 18
128 153 14
128 155 35
128 160 19
128 161 77
128 163 88
128 164 87
128 165 91
128 166 35
128 167 25
128 170 91
128 171 98
128 172 6
128 173 99
128 174 88
128 175 78
128 176 11
128 178 12
128 179 91
128 180 35
128 182 94
128 185 69
128 186 86
128 188 3
128 189 52
128 193 55
128 194 58
128 195 1
128 196 0
128 198 47
128 199 10
129 131 50
129 132 62
129 133 40
129 134 74
129 135 10
129 140 8
129 143 25
129 144 58
129 147 28
129 149 77
129 151 69
129 153 58
129 154 57
129 159 9
129 160 15
129 161 64
129 163 58
129 164 93
129 165 60
129 166 20
129 169 60
129 172 39
129 176 0
129 177 68
129 178 63
129 179 58
129 180 97
129 186 20
129 188 33
129 189 41
129 190 51
129 191 11
129 192 17
129 194 69
129 198 68
130 131 35
130 133 66
130 139 36
130 141 77
130 142 9
130 145 16
130 146 78
130 147 17
130 151 53
130 154 38
130 155 53
130 156 96
130 158 2
130 159 35
130 160 27
130 162 50
130 168 18
130 171 23
130 172 12
130 173 55
130 174 38
130 176 7
130 177 3
130 179 55
130 180 23
130 182 36
130 186 16
130 187 41
130 190 30
130 192 9
130 193 47
130 194 89
130 197 49
130 198 63
131 132 49
131 133 15
131 134 33
131 135 95
131 137 53
131 141 38
131 142 2
131 143 71
131 144 77
131 145 16
131 146 18
131 147 65
131 149 69
131 151 33
131 152 77
131 153 73
131 154 9
131 155 11
131 156 20
131 157 60
131 158 56
131 159 10
131 160 5
131 161 62
131 163 18
131 164 7
131 165 15
131 166 39
131 170 50
131 171 89
131 172 30
131 175 60
131 176 67
131 177 16
131 180 32
131 181 80
131 182 82
131 183 54
131 184 80
131 186 93
131 187 53
131 190 51
131 192 95
131 193 90
131 195 70
131 196 63
131 198 30
132 133 99
132 135 96
132 139 37
132 140 30
132 141 21
132 142 96
132 143 93
132 149 80
132 151 79
132 156 70
132 157 89
132 158 75
132 160 56
132 161 98
132 162 6
132 166 33
132 167 96
132 168 83
132 169 42
132 171 89
132 173 44
132 175 73
132 177 79
132 178 83
132 179 92
132 181 83
132 183 75
132 184 65
132 185 59
132 186 19
132 187 29
132 188 82
132 191 86
132 192 70
132 193 51
132 199 61
133 135 94
133 136 71
133 139 52
133 141 87
133 142 38
133 143 2
133 145 92
133 146 62
133 147 2
133 150 55
133 151 8
133 154 20
133 155 93
133 156 19
133 162 74
133 163 31
133 170 20
133 171 63
133 173 60
133 175 33
133 176 3
133 179 55
133 180 12
133 181 21
133 183 23
133 184 53
133 185 10
133 187 32
133 189 40
133 190 69
133 192 12
133 195 39
134 135 56
134 136 8
134 137 7
134 139 54
134 141 12
134 142 98
134 143 8
134 144 51
134 145 29
134 146 35
134 147 21
134 148 93
134 152 65
134 153 56
134 157 71
134 158 87
134 161 10
134 162 89
134 167 82
134 168 27
134 172 28
134 174 28
134 176 63
134 177 50
134 179 20
134 182 85
134 184 53
134 186 47
134 191 64
134 192 76
134 195 12
134 196 35
134 197 0
134 199 22
135 139 70
135 140 12
135 142 58
135 143 24
135 144 94
135 145 58
135 148 73
135 151 39
135 152 6
135 153 11
135 155 66
135 156 54
135 159 34
135 160 94
135 161 51
135 163 53
135 165 74
135 167 71
135 168 71
135 172 10
135 173 28
135 177 9
135 178 89
135 179 61
135 180 79
135 183 17
135 185 71
135 188 91
135 190 68
135 191 65
135 192 61
135 193 44
135 194 27
135 196 30
135 198 56
135 199 40
136 138 55
136 139 74
136 140 6
136 143 83
136 144 74
136 146 68
136 151 87
136 154 40
136 156 96
136 157 11
136 158 71
136 160 93
136 162 17
136 164 73
136 166 5
136 168 79
136 170 21
136 171 50
136 173 39
136 174 67
136 175 27
136 176 5
136 177 46
136 179 60
136 180 51
136 181 70
136 182 21
136 185 84
136 188 25
136 192 10
136 194 67
136 195 71
136 197 68
137 138 68
137 139 44
137 146 62
137 149 24
137 151 13
137 152 73
137 154 45
137 155 91
137 157 69
137 158 27
137 161 70
137 163 32
137 165 40
137 168 7
137 169 94
137 170 3
137 171 78
137 172 63
137 173 83
137 177 18
137 178 98
137 179 56
137 181 16
137 183 20
137 188 59
137 189 25
137 191 99
137 194 29
137 196 98
137 198 81
137 199 79
138 140 40
138 142 48
138 144 44
138 147 0
138 148 19
138 149 11
138 151 22
138 152 29
138 153 14
138 157 0
138 158 77
138 162 63
138 163 10
138 165 60
138 168 46
138 170 76
138 171 81
138 175 85
138 177 69
138 179 58
138 183 68
138 185 6
138 186 91
138 187 83
138 188 76
138 191 55
138 192 40
138 194 23
138 196 65
138 197 86
139 140 50
139 145 9
139 147 70
139 149 65
139 152 15
139 153 8
139 154 54
139 156 10
139 157 65
139 158 40
139 159 11
139 162 15
139 164 87
139 165 11
139 166 31
139 170 77
139 172 49
139 173 17
139 174 54
139 178 71
139 179 50
139 180 13
139 182 29
139 184 64
139 185 71
139 187 96
139 192 35
139 193 92
139 194 67
139 196 23
139 197 66
139 198 37
139 199 56
140 142 18
140 148 25
140 149 70
140 150 86
140 151 8
140 153 79
140 155 75
140 158 29
140 159 9
140 160 3
140 161 17
140 163 63
140 164 54
140 165 58
140 166 15
140 167 71
140 169 96
140 172 73
140 173 48
140 177 73
140 178 24
140 184 95
140 187 54
140 188 65
140 192 40
140 193 80
140 194 49
140 196 18
140 198 9
140 199 57
141 143 87
141 145 57
141 149 71
141 150 33
141 151 90
141 154 50
141 155 42
141 157 73
141 158 39
141 160 73
141 165 9
141 166 84
141 169 85
141 170 35
141 173 36
141 174 18
141 176 44
141 179 85
141 181 82
141 182 51
141 186 14
141 187 93
141 192 70
141 194 11
141 195 33
141 196 34
141 197 45
141 199 99
142 143 70
142 146 83
142 147 73
142 148 1
142 149 28
142 152 88
142 154 27
142 155 30
142 156 90
142 160 67
142 161 89
142 163 61
142 165 34
142 166 51
142 168 73
142 173 29
142 174 23
142 175 4
142 177 31
142 178 63
142 179 44
142 181 67
142 182 47
142 185 7
142 188 36
142 189 22
142 191 75
143 144 62
143 145 94
143 146 24
143 147 72
143 148 13
143 151 55
143 152 47
143 153 91
143 155 93
143 159 48
143 160 62
143 161 17
143 162 91
143 163 76
143 164 96
143 165 29
143 166 31
143 169 53
143 171 38
143 172 94
143 176 77
143 181 76
143 183 75
143 188 22
143 189 55
143 194 42
144 146 66
144 147 43
144 148 71
144 149 10
144 154 23
144 155 74
144 156 56
144 158 43
144 159 53
144 160 24
144 162 90
144 163 2
144 164 26
144 168 2
144 172 55
144 174 67
144 175 3
144 178 0
144 179 74
144 182 21
144 187 91
144 188 63
144 197 17
144 198 1
145 147 66
145 150 83
145 151 94
145 152 36
145 154 90
145 156 53
145 161 37
145 168 5
145 172 24
145 173 11
145 174 24
145 175 97
145 176 29
145 177 21
145 181 49
145 182 73
145 185 72
145 186 94
145 187 94
145 190 35
145 192 91
145 194 96
145 195 28
145 196 78
145 197 99
145 198 56
146 148 55
146 149 32
146 150 31
146 152 54
146 153 71
146 154 91
146 156 8
146 157 42
146 160 94
146 161 87
146 166 46
146 168 61
146 170 23
146 172 74
146 173 51
146 174 42
146 175 49
146 177 46
146 179 16
146 181 14
146 184 36
146 185 37
146 186 90
146 189 88
146 190 96
146 191 64
146 193 97
146 194 81
147 149 4
147 150 25
147 151 48
147 152 28
147 153 56
147 154 22
147 158 85
147 159 22
147 160 81
147 164 1
147 165 49
147 166 54
147 168 96
147 175 37
147 177 86
147 182 89
147 184 14
147 186 56
147 187 16
147 188 43
147 189 12
147 194 22
147 196 46
147 197 67
148 149 46
148 151 52
148 157 78
148 160 7
148 161 51
148 167 94
148 168 60
148 170 46
148 172 6
148 174 70
148 175 75
148 177 14
148 179 38
148 182 83
148 183 87
148 186 27
148 189 48
148 192 86
148 193 31
148 194 82
148 198 58
149 151 63
149 152 64
149 154 95
149 156 23
149 158 15
149 159 40
149 161 29
149 163 49
149 164 17
149 166 35
149 167 66
149 168 75
149 169 62
149 170 16
149 171 75
149 175 62
149 176 2
149 177 17
149 178 5
149 179 28
149 181 41
149 182 58
149 183 77
149 189 1
149 190 73
149 192 22
149 193 91
149 196 0
149 197 28
149 199 24
150 152 82
150 153 11
150 158 13
150 160 1
150 162 52
150 163 78
150 166 27
150 171 40
150 172 0
150 173 28
150 174 36
150 175 53
150 176 3
150 178 91
150 180 38
150 182 34
150 183 34
150 184 84
150 186 1
150 188 36
150 191 40
150 193 70
150 194 18
150 195 81
150 198 83
151 155 42
151 156 53
151 157 6
151 158 59
151 160 7
151 161 20
151 164 77
151 165 15
151 168 65
151 169 89
151 170 20
151 173 51
151 174 27
151 176 39
151 178 3
151 180 52
151 181 13
151 183 62
151 185 75
151 186 86
151 187 75
151 188 24
151 190 33
151 191 89
151 192 68
151 193 3
151 195 95
151 196 6
151 197 66
151 199 96
152 157 20
152 160 74
152 162 74
152 163 44
152 165 0
152 166 34
152 167 95
152 169 13
152 172 92
152 173 33
152 174 78
152 178 49
152 180 24
152 181 68
152 185 24
152 186 5
152 187 20
152 190 96
152 191 63
152 192 66
152 194 43
152 195 70
152 196 95
152 199 84
153 156 40
153 157 94
153 158 61
153 160 47
153 161 40
153 163 86
153 167 24
153 169 62
153 171 68
153 172 99
153 173 93
153 175 21
153 176 56
153 182 99
153 183 22
153 184 57
153 186 30
153 187 43
153 188 24
153 189 81
153 192 62
153 193 99
153 195 29
153 198 81
154 155 1
154 157 46
154 158 45
154 159 29
154 162 64
154 163 35
154 165 56
154 168 60
154 169 94
154 170 35
154 183 55
154 184 38
154 185 15
154 187 61
154 188 19
154 191 61
154 192 90
154 195 62
154 197 2
154 199 43
155 156 93
155 158 91
155 161 98
155 163 68
155 167 39
155 168 61
155 169 28
155 170 68
155 174 79
155 175 24
155 176 55
155 177 24
155 178 53
155 179 34
155 180 85
155 181 85
155 183 13
155 184 35
155 185 31
155 186 51
155 189 41
155 192 50
155 193 82
155 194 75
155 195 16
155 197 48
155 199 16
156 163 39
156 168 56
156 174 16
156 176 24
156 177 82
156 183 93
156 184 35
156 186 80
156 187 21
156 190 68
156 192 71
156 193 79
156 194 30
156 197 0
156 198 75
157 161 80
157 165 40
157 166 27
157 169 79
157 171 50
157 174 42
157 175 33
157 176 63
157 177 81
157 178 0
157 180 21
157 182 9
157 185 86
157 187 38
157 188 67
157 189 58
157 194 43
157 197 93
158 161 3
158 164 77
158 166 52
158 167 36
158 170 19
158 173 10
158 174 13
158 175 0
158 176 31
158 179 69
158 182 75
158 184 98
158 187 71
158 188 23
158 189 9
158 190 30
158 192 72
158 193 9
158 195 52
158 196 72
158 198 64
158 199 95
159 161 98
159 162 26
159 163 60
159 164 32
159 165 91
159 167 99
159 173 41
159 174 49
159 176 41
159 177 2
159 180 88
159 182 99
159 183 45
159 184 54
159 185 7
159 186 83
159 188 79
159 190 84
159 194 70
159 195 16
159 197 12
160 162 8
160 163 57
160 164 72
160 166 92
160 169 7
160 170 39
160 173 39
160 176 69
160 177 52
160 178 77
160 181 85
160 182 11
160 183 47
160 187 24
160 188 54
160 189 41
160 192 6
160 195 14
161 162 72
161 165 37
161 171 14
161 172 34
161 174 47
161 175 8
161 178 20
161 180 91
161 181 70
161 183 45
161 187 95
161 188 5
161 189 17
161 190 85
161 191 40
161 192 23
161 196 39
161 197 95
161 198 55
161 199 12
162 167 6
162 168 70
162 169 94
162 170 11
162 172 3
162 174 69
162 179 68
162 180 10
162 181 12
162 182 57
162 183 38
162 185 72
162 186 61
162 190 27
162 194 56
162 195 58
163 164 12
163 165 38
163 166 52
163 168 60
163 171 35
163 172 78
163 174 53
163 175 26
163 178 94
163 182 5
163 183 71
163 184 45
163 185 51
163 187 24
163 188 1
163 189 56
163 191 28
163 196 55
163 197 7
163 198 30
163 199 17
164 165 4
164 166 15
164 167 59
164 170 80
164 173 81
164 175 73
164 176 57
164 177 84
164 180 8
164 182 95
164 183 67
164 184 30
164 185 37
164 186 97
164 188 42
164 189 86
164 191 92
164 194 3
164 195 24
164 198 11
164 199 94
165 168 35
165 170 65
165 171 24
165 172 42
165 173 31
165 176 79
165 177 3
165 178 52
165 181 73
165 182 37
165 183 60
165 184 93
165 185 83
165 189 57
165 190 23
165 193 5
165 196 7
165 198 55
166 168 80
166 169 58
166 170 11
166 171 13
166 174 44
166 175 80
166 176 63
166 178 82
166 179 25
166 182 0
166 183 61
166 185 11
166 188 56
166 189 40
166 191 61
166 193 54
166 194 8
166 199 5
167 169 42
167 172 57
167 174 40
167 176 29
167 178 41
167 179 6
167 180 97
167 181 15
167 186 74
167 188 20
167 195 67
167 196 60
167 197 18
167 198 40
167 199 44
168 169 63
168 170 32
168 173 93
168 175 15
168 176 74
168 177 35
168 178 25
168 180 67
168 181 68
168 182 62
168 183 39
168 184 52
168 187 53
168 189 73
168 190 2
168 191 84
168 192 1
168 194 20
168 197 95
168 199 75
169 170 56
169 171 19
169 172 4
169 173 72
169 175 93
169 176 55
169 178 61
169 179 54
169 182 68
169 183 48
169 185 25
169 188 40
169 190 55
169 194 60
169 195 23
169 198 65
170 171 0
170 172 88
170 175 45
170 176 69
170 177 30
170 178 94
170 181 49
170 182 9
170 184 67
170 192 26
170 194 80
171 172 65
171 173 16
171 175 57
171 176 86
171 181 23
171 183 15
171 184 34
171 185 33
171 186 29
171 189 73
171 190 42
171 198 2
171 199 97
172 174 72
172 175 17
172 176 32
172 178 69
172 180 32
172 182 77
172 183 1
172 184 41
172 186 31
172 187 30
172 188 0
172 190 43
172 194 39
172 195 0
172 198 28
173 180 50
173 181 17
173 182 46
173 183 29
173 184 46
173 185 30
173 189 3
173 190 8
173 191 16
173 194 26
173 196 72
173 197 84
173 198 55
174 175 92
174 176 62
174 177 77
174 178 31
174 181 88
174 182 14
174 183 79
174 185 83
174 186 88
174 187 55
174 188 95
174 191 17
174 192 87
174 193 45
174 199 31
175 176 78
175 177 8
175 179 10
175 180 98
175 187 19
175 190 99
175 192 2
175 193 85
175 194 96
175 197 72
175 199 40
176 177 32
176 178 64
176 180 55
176 182 84
176 183 1
176 185 33
176 187 73
176 193 16
176 194 44
176 195 29
176 196 86
176 197 22
176 198 94
177 179 39
177 184 80
177 185 64
177 186 46
177 188 19
177 189 84
177 191 51
177 194 38
177 196 30
177 198 87
177 199 97
178 180 51
178 184 62
178 188 76
178 190 98
178 191 58
178 192 52
178 194 75
178 197 80
178 199 0
179 180 74
179 181 49
179 183 34
179 185 54
179 187 9
179 188 25
179 189 50
179 192 84
179 196 61
179 197 33
179 199 40
180 181 3
180 184 5
180 186 82
180 187 35
180 188 7
180 189 38
180 190 4
180 193 41
180 194 28
180 196 32
180 198 3
181 184 61
181 185 72
181 187 6
181 188 65
181 191 67
181 192 12
181 193 11
181 194 69
182 184 55
182 185 4
182 188 15
182 189 93
182 190 43
182 196 3
182 197 91
182 198 12
182 199 12
183 184 97
183 185 9
183 186 2
183 187 23
183 188 99
183 193 80
183 194 91
183 195 81
183 196 49
183 198 13
183 199 53
184 185 74
184 186 51
184 187 0
184 188 19
184 189 68
184 190 92
184 191 31
184 193 55
184 198 11
184 199 88
185 187 2
185 190 40
185 191 65
185 193 88
185 194 98
185 197 92
185 198 96
186 193 89
186 196 69
187 189 67
187 190 31
187 191 1
187 192 36
187 194 66
187 195 10
187 196 2
187 199 26
188 191 47
188 193 21
188 194 55
188 197 4
188 198 52
189 190 25
189 197 32
189 198 94
189 199 45
190 191 57
190 192 16
190 193 73
190 195 31
191 193 47
191 194 60
191 198 84
191 199 73
192 193 1
192 196 59
192 197 85
192 198 43
192 199 44
193 194 32
193 195 58
193 196 7
193 199 97
194 196 7
194 198 35
195 196 37
195 198 95
196 199 88
198 199 43
