100	50	50	100
10	11
11	12
12	13
13	14
14	15
15	16
16	17
17	18
18	19
19	20
20	21
21	22
22	23
23	24
24	25
25	26
26	27
27	28
28	29
29	30
30	31
31	32
32	33
33	34
34	35
35	36
36	37
37	38
38	39
39	40
40	41
41	42
42	43
43	44
44	45
45	46
46	47
47	48
48	49
49	50
50	51
51	52
52	53
53	54
54	55
55	56
56	57
57	58
58	59
59	60
10	11
11	12
12	13
13	14
14	15
15	16
16	17
17	18
18	19
19	20
20	21
21	22
22	23
23	24
24	25
25	26
26	27
27	28
28	29
29	30
30	31
31	32
32	33
33	34
34	35
35	36
36	37
37	38
38	39
39	40
40	41
41	42
42	43
43	44
44	45
45	46
46	47
47	48
48	49
49	50
50	51
51	52
52	53
53	54
54	55
55	56
56	57
57	58
58	59
59	60
10	F
11	F
12	F
13	F
14	F
15	F
16	F
17	F
18	F
19	F
20	F
21	F
22	F
23	F
24	F
25	F
26	F
27	F
28	F
29	F
30	F
31	F
32	F
33	F
34	F
35	F
36	F
37	F
38	F
39	F
40	F
41	F
42	F
43	F
44	F
45	F
46	F
47	F
48	F
49	F
50	F
51	F
52	F
53	F
54	F
55	F
56	F
57	F
58	F
59	F
10	M
11	M
12	M
13	M
14	M
15	M
16	M
17	M
18	M
19	M
20	M
21	M
22	M
23	M
24	M
25	M
26	M
27	M
28	M
29	M
30	M
31	M
32	M
33	M
34	M
35	M
36	M
37	M
38	M
39	M
40	M
41	M
42	M
43	M
44	M
45	M
46	M
47	M
48	M
49	M
50	M
51	M
52	M
53	M
54	M
55	M
56	M
57	M
58	M
59	M
100
99
98
97
96
95
94
93
92
91
90
89
88
87
86
85
84
83
82
81
80
79
78
77
76
75
74
73
72
71
70
69
68
67
66
65
64
63
62
61
60
59
58
57
56
55
54
53
52
51
50
49
48
47
46
45
44
43
42
41
40
39
38
37
36
35
34
33
32
31
30
29
28
27
26
25
24
23
22
21
20
19
18
17
16
15
14
13
12
11
10
9
8
7
6
5
4
3
2
1